1253638359 8041 7 38 1 81 0 0 0 0 0 8 8251
1253641991 8044 2 40 1 81 0 0 0 0 0 8 8251
1253645583 8040 0 46 1 81 0 0 0 0 0 8 8251
1253649185 8037 0 49 1 81 0 0 0 0 0 8 8251
1253652779 8036 0 50 1 81 0 0 0 0 0 8 8251
1253656345 8036 0 33 18 81 0 0 0 0 0 8 8251
1253659943 8031 0 35 18 81 0 0 0 0 0 8 8248
1253663545 8043 0 39 1 81 0 0 0 0 0 8 8248
1253667144 8042 0 40 1 81 0 0 0 0 0 8 8248
1253670743 8041 0 41 1 81 0 0 0 0 0 8 8248
1253674342 8041 0 41 1 81 0 0 0 0 0 8 8248
1253677945 8041 0 41 1 81 0 0 0 0 0 8 8248
1253681543 8033 2 48 0 81 0 0 0 0 0 8 8248
1253685145 8030 0 52 0 81 0 0 0 0 0 8 8248
1253688746 8026 0 54 0 81 0 0 0 0 0 8 8247
1253692348 8048 0 35 0 81 0 0 0 0 0 8 8247
1253695962 8048 0 35 0 81 0 0 0 0 0 8 8247
1253699556 8048 0 35 0 81 0 0 0 0 0 8 8247
1253703175 8047 0 36 0 81 0 0 0 0 0 8 8247
1253706785 8033 6 43 0 81 0 0 0 0 0 8 8247
1253710373 8042 0 42 0 81 0 0 0 0 0 8 8248
1253713971 8041 0 43 0 81 0 0 0 0 0 8 8248
1253717597 8041 0 43 0 81 0 0 0 0 0 8 8248
1253721191 8041 0 43 0 81 0 0 0 0 0 8 8248
1253724801 8038 0 33 11 81 1 0 0 0 0 8 8246
1253728409 8036 10 41 0 81 1 0 0 0 0 8 8253
1253732016 8040 4 45 1 81 1 0 0 0 0 8 8256
1253735621 8036 0 54 0 81 1 0 0 0 0 8 8256
1253739195 8034 0 40 16 81 1 0 0 0 0 8 8256
1253742746 8034 0 34 22 81 1 0 0 0 0 8 8256
1253746347 8031 0 34 22 81 1 0 0 0 0 8 8257
1253749949 8040 0 34 0 81 1 0 0 0 0 8 8257
1253753543 8040 0 34 0 81 1 0 0 0 0 8 8257
1253757146 8040 0 33 0 81 1 0 0 0 0 8 8257
1253760745 8039 0 33 0 81 1 0 0 0 0 8 8257
1253764340 8039 0 33 0 81 1 0 0 0 0 8 8257
1253767945 8038 0 33 0 81 1 0 0 0 0 8 8257
1253771540 8037 0 33 0 81 1 0 0 0 0 8 8257
1253775160 8035 0 33 0 81 1 0 0 0 0 8 8257
1253778766 8033 0 33 0 81 1 0 0 0 0 8 8257
1253782342 8033 0 33 0 81 1 0 0 0 0 8 8257
1253785952 8033 0 33 0 81 1 0 0 0 0 8 8257
1253789559 8025 0 33 0 81 1 0 0 0 0 8 8257
1253793150 8021 0 33 0 81 1 0 0 0 0 8 8257
1253796759 8018 0 33 0 81 1 0 0 0 0 8 8259
1253800359 8013 0 33 0 81 1 0 0 0 0 8 8259
1253803989 8012 0 33 0 81 1 0 0 0 0 8 8259
1253807569 8012 0 33 0 81 1 0 0 0 0 8 8260
1253811184 7998 0 35 0 81 1 0 0 0 0 8 8260
1253814776 7999 0 34 0 81 1 0 0 0 0 8 8260
1253818390 7995 56 37 0 81 1 0 0 0 0 8 8260
1253821992 7992 43 53 0 81 1 0 0 0 0 8 8260
1253825549 7990 26 46 24 81 1 0 0 0 0 8 8260
1253832744 8007 9 43 23 81 1 0 0 0 0 8 8260
1253836345 8019 27 42 0 80 1 0 0 0 0 8 8260
1253840086 8018 19 50 0 80 1 0 0 0 0 8 8260
1253843541 8015 17 55 0 80 1 0 0 0 0 8 8260
1253847147 8013 7 64 0 80 1 0 0 0 0 8 8260
1253850741 8013 0 71 0 80 1 0 0 0 0 8 8260
1253854347 8013 3 71 0 80 1 0 0 0 0 8 8260
1253857941 8011 3 73 0 80 1 0 0 0 0 8 8260
1253861566 8009 3 75 0 80 1 0 0 0 0 8 8260
1253865150 8042 3 43 0 80 1 0 0 0 0 8 8260
1253868760 8041 3 44 0 80 1 0 0 0 0 8 8260
1253872351 8041 3 44 0 80 1 0 0 0 0 8 8260
1253875955 8035 5 48 0 80 1 0 0 0 0 8 8260
1253879557 8034 0 54 0 80 1 0 0 0 0 8 8260
1253883208 8024 7 58 0 80 1 0 0 0 0 8 8261
1253886792 8040 7 42 0 80 1 0 0 0 0 8 8261
1253890364 8040 4 45 0 80 1 0 0 0 0 8 8261
1253893955 8040 0 39 10 80 1 0 0 0 0 8 8261
1253897564 8039 0 40 10 80 1 0 0 0 0 8 8261
1253901187 8042 2 45 0 80 1 0 0 0 0 8 8261
1253904780 8046 0 43 0 80 1 0 0 0 0 8 8261
1253908355 8046 2 41 0 80 1 0 0 0 0 8 8262
1253911956 8046 0 43 0 80 1 0 0 0 0 8 8262
1253915554 8046 0 43 0 80 1 0 0 0 0 8 8262
1253919145 8033 11 49 0 80 1 0 0 0 0 8 8266
1253922743 8029 11 53 0 80 1 0 0 0 0 8 8266
1253926348 8023 13 53 0 80 1 0 0 0 0 8 8266
1253929942 8023 13 53 0 80 1 0 0 0 0 8 8266
1253933542 8023 13 41 12 80 1 0 0 0 0 8 8266
1253937139 8023 6 48 12 80 1 0 0 0 0 8 8266
1253940743 8030 10 50 0 80 1 0 0 0 0 8 8266
1253944338 8030 9 51 0 80 1 0 0 0 0 8 8266
1253947952 8030 0 60 0 80 1 0 0 0 0 8 8266
1253951550 8030 0 60 0 80 1 0 0 0 0 8 8266
1253955143 8030 0 60 0 80 1 0 0 0 0 8 8266
1253958747 8030 0 60 0 80 1 0 0 0 0 8 8266
1253962356 8046 5 43 0 80 1 0 0 0 0 8 8266
1253965972 8047 4 43 0 80 1 0 0 0 0 8 8266
1253969554 8046 1 47 0 80 1 0 0 0 0 8 8266
1253973154 8054 0 39 0 81 1 0 0 0 0 8 8267
1253976745 8053 0 31 1 90 1 0 0 0 0 8 8267
1253980351 8053 0 18 2 99 2 0 0 0 0 8 8267
1253983945 8052 0 17 2 103 2 0 0 0 0 8 8266
1253987550 8051 1 17 0 102 2 0 0 0 0 8 8267
1253991152 8055 0 13 0 104 2 0 0 0 0 8 8268
1253994742 8055 0 12 0 104 2 0 0 0 0 8 8268
1253998341 8054 0 13 0 104 2 0 0 0 0 8 8268
1254001949 8054 0 12 1 104 2 0 0 0 0 8 8268
1254005542 8056 0 16 0 104 2 0 0 0 0 8 8269
1254009142 8051 3 20 0 103 2 0 0 0 0 8 8270
1254012745 8050 0 24 0 103 2 0 0 0 0 8 8270
1254016343 8049 0 25 0 103 2 0 0 0 0 8 8270
1254019942 8049 0 25 0 103 2 0 0 0 0 8 8270
1254023543 8048 0 26 0 103 2 0 0 0 0 8 8270
1254027142 8048 0 26 0 103 2 0 0 0 0 8 8270
1254030751 8048 0 26 0 103 2 0 0 0 0 8 8270
1254034346 8047 0 27 0 103 2 0 0 0 0 8 8270
1254037950 8040 1 33 0 103 2 0 0 0 0 8 8270
1254041545 8040 0 34 0 103 2 0 0 0 0 8 8270
1254045141 8040 0 14 20 103 2 0 0 0 0 8 8270
1254048756 8040 0 14 20 103 2 0 0 0 0 8 8270
1254052360 8059 0 14 0 104 2 0 0 0 0 8 8270
1254055959 8057 0 15 0 104 2 0 0 0 0 8 8270
1254059545 8054 0 13 5 104 2 0 0 0 0 8 8270
1254063150 8057 0 12 4 104 2 0 0 0 0 8 8270
1254066756 8057 0 12 4 104 2 0 0 0 0 8 8270
1254070342 8055 0 14 4 104 2 0 0 0 0 8 8270
1254073956 8048 7 18 2 102 2 0 0 0 0 8 8270
1254077559 8048 4 16 6 102 2 0 0 0 0 8 8270
1254081151 8055 3 23 0 102 2 0 0 0 0 8 8270
1254084750 8054 0 12 8 102 2 0 0 0 0 8 8270
1254088345 8054 0 12 8 102 2 0 0 0 0 8 8270
1254091949 8054 11 16 0 101 2 0 0 0 0 8 8275
1254095543 8048 10 23 0 101 2 0 0 0 0 8 8275
1254099151 8047 7 27 0 101 2 0 0 0 0 8 8275
1254102749 8047 3 31 0 101 2 0 0 0 0 8 8275
1254106341 8046 0 35 0 101 2 0 0 0 0 8 8275
1254109951 8046 0 36 0 101 2 0 0 0 0 8 8276
1254113541 8042 0 40 0 101 2 0 0 0 0 8 8276
1254117145 8042 0 40 0 101 2 0 0 0 0 8 8277
1254120759 8041 0 41 0 101 2 0 0 0 0 8 8277
1254124357 8065 0 21 0 100 2 0 0 1 0 8 8277
1254127990 8064 0 22 0 100 2 0 0 1 0 8 8277
1254131566 8064 0 22 0 100 2 0 0 1 0 8 8277
1254135173 8063 0 24 0 99 2 0 0 1 0 8 8277
1254138777 8063 0 24 0 99 2 0 0 1 0 8 8277
1254142392 8059 2 37 0 98 2 0 0 1 0 8 8289
1254145968 8056 0 42 0 98 2 0 0 1 0 8 8289
1254149588 8055 0 43 0 98 2 0 0 1 0 8 8289
1254153173 8055 0 43 0 98 2 0 0 1 0 8 8289
1254156766 8052 0 43 0 98 2 0 0 1 0 8 8286
1254160374 8070 0 21 6 98 2 0 0 1 0 8 8288
1254163979 8081 0 18 0 98 2 0 0 1 0 8 8288
1254167570 8082 0 17 0 98 2 0 0 1 0 8 8288
1254171152 8082 0 16 1 98 2 0 0 1 0 8 8288
1254174743 8079 0 16 1 98 2 0 0 1 0 8 8288
1254178356 8078 0 20 1 98 2 0 0 1 0 8 8288
1254181953 8073 0 17 0 95 2 0 0 1 0 8 8288
1254185556 8073 0 17 0 95 2 0 0 1 0 8 8288
1254189151 8073 0 17 0 95 2 0 0 1 0 8 8288
1254192747 8073 0 17 0 95 2 0 0 1 0 8 8288
1254196353 8073 0 17 0 95 2 0 0 1 0 8 8288
1254199949 8071 0 18 0 95 2 0 0 1 0 8 8288
1254203546 8070 0 18 0 95 2 0 0 1 0 8 8288
1254207167 8069 0 18 0 95 2 0 0 1 0 8 8288
1254210761 8070 3 29 0 95 2 0 0 1 0 8 8288
1254214396 8068 0 34 0 95 2 0 0 1 0 8 8288
1254217978 8067 0 35 0 95 2 0 0 1 0 8 8288
1254221593 8063 0 39 0 95 2 0 0 1 0 8 8288
1254225174 8060 0 42 0 95 2 0 0 1 0 8 8288
1254228792 8051 1 48 0 95 2 0 0 1 0 8 8289
1254232404 8046 0 54 0 95 2 0 0 1 0 8 8289
1254236031 8045 0 55 0 95 2 0 0 1 0 8 8289
1254239594 8045 0 55 0 95 2 0 0 1 0 8 8289
1254243189 8072 7 21 0 95 2 0 0 1 0 8 8287
1254246796 8077 0 23 0 95 2 0 0 1 0 8 8287
1254250389 8082 0 18 0 95 2 0 0 1 0 8 8287
1254254001 8074 2 24 0 95 2 0 0 1 0 8 8287
1254257590 8073 0 18 9 95 2 0 0 1 0 8 8287
1254261158 8073 0 18 9 95 2 0 0 1 0 8 8287
1254264762 8072 0 19 9 95 2 0 0 1 0 8 8287
1254268348 8067 8 24 0 95 2 0 0 1 0 8 8287
1254271946 8066 3 30 0 95 2 0 0 1 0 8 8287
1254275543 8064 3 32 0 95 2 0 0 1 0 8 8287
1254279142 8064 3 32 0 95 2 0 0 1 0 8 8287
1254282749 8064 3 32 0 95 2 0 0 1 0 8 8287
1254286355 8059 7 32 0 95 2 0 0 1 0 8 8287
1254289944 8059 6 33 0 95 2 0 0 1 0 8 8287
1254293549 8059 0 39 0 95 2 0 0 1 0 8 8287
1254297168 8076 0 24 0 95 2 0 0 1 0 8 8287
1254300755 8076 0 24 0 95 2 0 0 1 0 8 8287
1254304356 8076 0 24 0 95 2 0 0 1 0 8 8287
1254307967 8075 1 24 0 95 2 0 0 1 0 8 8287
1254311561 8075 0 25 0 95 2 0 0 1 0 8 8287
1254315164 8070 0 31 0 95 2 0 0 1 0 8 8288
1254318770 8068 0 33 0 95 2 0 0 1 0 8 8288
1254322374 8067 0 34 0 95 2 0 0 1 0 8 8288
1254325966 8066 0 34 0 95 2 0 0 1 0 8 8287
1254329581 8061 2 38 0 95 2 0 0 1 0 8 8289
1254333194 8074 1 23 3 95 2 0 0 1 0 8 8289
1254336785 8072 0 23 4 95 2 0 0 1 0 8 8289
1254340409 8073 0 26 0 95 2 0 0 1 0 8 8289
1254343978 8072 0 27 0 95 2 0 0 1 0 8 8289
1254347554 8072 0 27 0 95 2 0 0 1 0 8 8289
1254351146 8064 0 31 0 94 2 0 0 1 0 8 8283
1254354744 8047 7 40 0 94 2 0 0 1 0 8 8284
1254358345 8047 0 47 0 94 2 0 0 1 0 8 8284
1254361950 8045 0 49 0 94 2 0 0 1 0 8 8284
1254365542 8042 0 50 0 94 2 0 0 1 0 8 8284
1254369139 8042 0 50 0 94 2 0 0 1 0 8 8284
1254372744 8037 0 56 0 94 2 0 0 1 0 8 8284
1254376360 8037 0 56 0 94 2 0 0 1 0 8 8284
1254384258 8034 0 58 0 94 2 0 0 1 0 8 8284
1254387157 8034 0 58 0 94 2 0 0 1 0 8 8284
1254390761 8034 0 58 0 94 2 0 0 1 0 8 8284
1254394378 8031 0 60 0 94 2 0 0 1 0 8 8284
1254397966 8027 2 62 0 94 2 0 0 1 0 8 8284
1254401572 8021 0 71 0 93 2 0 0 1 0 8 8284
1254405167 8020 0 72 0 93 2 0 0 1 0 8 8284
1254408764 8019 0 73 0 93 2 0 0 1 0 8 8284
1254412410 8019 0 73 0 93 2 0 0 1 0 8 8284
1254415974 8018 0 23 51 93 2 0 0 1 0 8 8284
1254419585 8068 1 28 2 93 1 0 0 1 0 8 8284
1254423205 8067 0 33 0 93 1 0 0 1 0 8 8284
1254426817 8067 0 33 0 93 1 0 0 1 0 8 8284
1254430362 8067 0 33 0 93 1 0 0 1 0 8 8284
1254433948 8067 0 24 8 93 1 0 0 1 0 8 8284
1254437543 8065 0 27 8 93 1 0 0 1 0 8 8284
1254441145 8065 0 36 0 93 1 0 0 1 0 8 8284
1254444746 8064 0 37 0 93 1 0 0 1 0 8 8284
1254448344 8062 0 39 0 93 1 0 0 1 0 8 8284
1254451945 8062 0 39 0 93 1 0 0 1 0 8 8284
1254455539 8062 0 39 0 93 1 0 0 1 0 8 8284
1254459144 8061 0 40 0 93 1 0 0 1 0 8 8284
1254462746 8061 0 40 0 93 1 0 0 1 0 8 8284
1254466367 8061 0 40 0 93 1 0 0 1 0 8 8284
1254469956 8074 0 27 0 93 1 0 0 1 0 8 8284
1254473568 8074 0 27 0 93 1 0 0 1 0 8 8284
1254477180 8074 0 27 0 93 1 0 0 1 0 8 8284
1254480757 8073 0 28 0 93 1 0 0 1 0 8 8284
1254484390 8072 0 29 0 93 1 0 0 1 0 8 8284
1254487998 8072 0 29 0 93 1 0 0 1 0 8 8284
1254491571 8069 0 35 0 93 1 0 0 1 0 8 8287
1254495195 8067 0 27 12 93 1 0 0 1 0 8 8289
1254498762 8067 0 27 12 93 1 0 0 1 0 8 8289
1254502366 8078 0 28 0 93 1 0 0 1 0 8 8289
1254505961 8077 0 29 0 93 1 0 0 1 0 8 8289
