1253638359 8347 0 27 0 35 0 0 0 0 0 0 8417
1253641991 8347 0 27 0 35 0 0 0 0 0 0 8417
1253645583 8345 0 29 0 35 0 0 0 0 0 0 8417
1253649187 8342 0 32 0 35 0 0 0 0 0 0 8417
1253652779 8342 0 30 2 35 0 0 0 0 0 0 8417
1253656345 8342 0 30 2 35 0 0 0 0 0 0 8417
1253659943 8338 0 30 3 35 0 0 0 0 0 0 8414
1253663545 8338 0 13 19 35 0 0 0 0 0 0 8414
1253667144 8358 0 13 0 35 0 0 0 0 0 0 8414
1253670743 8357 0 14 0 35 0 0 0 0 0 0 8414
1253674343 8357 0 14 0 35 0 0 0 0 0 0 8414
1253677945 8357 0 14 0 35 0 0 0 0 0 0 8414
1253681543 8352 0 19 0 35 0 0 0 0 0 0 8414
1253685145 8351 0 20 0 35 0 0 0 0 0 0 8414
1253688747 8348 0 22 0 35 0 0 0 0 0 0 8413
1253692348 8353 0 17 0 35 0 0 0 0 0 0 8413
1253695965 8353 0 10 7 35 0 0 0 0 0 0 8413
1253699557 8353 0 10 7 35 0 0 0 0 0 0 8413
1253703175 8353 0 10 7 35 0 0 0 0 0 0 8413
1253706785 8352 0 18 1 35 0 0 0 0 0 0 8413
1253710374 8361 0 11 0 35 0 0 0 0 0 0 8414
1253713974 8361 0 11 0 35 0 0 0 0 0 0 8414
1253717597 8361 0 11 0 35 0 0 0 0 0 0 8414
1253721191 8361 0 11 0 35 0 0 0 0 0 0 8414
1253724801 8358 0 10 1 35 1 0 0 0 0 0 8412
1253728409 8355 0 21 0 35 1 0 0 0 0 0 8419
1253732016 8363 0 16 0 35 1 0 0 0 0 0 8422
1253735622 8363 0 16 0 35 1 0 0 0 0 0 8422
1253739195 8362 0 16 1 35 1 0 0 0 0 0 8422
1253742746 8362 0 14 3 35 1 0 0 0 0 0 8422
1253746347 8359 0 14 3 35 1 0 0 0 0 0 8422
1253749949 8356 0 14 0 35 1 0 0 0 0 0 8422
1253753543 8356 0 11 3 35 1 0 0 0 0 0 8422
1253757146 8358 0 11 0 35 1 0 0 0 0 0 8422
1253760745 8358 0 11 0 35 1 0 0 0 0 0 8422
1253764340 8358 0 11 0 35 1 0 0 0 0 0 8422
1253767946 8358 0 11 0 35 1 0 0 0 0 0 8422
1253771540 8358 0 11 0 35 1 0 0 0 0 0 8422
1253775160 8357 0 11 0 35 1 0 0 0 0 0 8422
1253778769 8355 0 11 0 35 1 0 0 0 0 0 8422
1253782342 8355 0 11 0 35 1 0 0 0 0 0 8422
1253785952 8355 0 11 0 35 1 0 0 0 0 0 8422
1253789559 8353 0 11 0 35 1 0 0 0 0 0 8422
1253793150 8352 0 11 0 35 1 0 0 0 0 0 8422
1253796759 8350 0 11 0 35 1 0 0 0 0 0 8424
1253800360 8349 0 11 0 35 1 0 0 0 0 0 8424
1253803989 8349 0 11 0 35 1 0 0 0 0 0 8424
1253807570 8350 21 11 0 35 1 0 0 0 0 0 8425
1253811184 8347 11 24 0 35 1 0 0 0 0 0 8425
1253814776 8357 2 23 0 35 1 0 0 0 0 0 8425
1253818391 8362 0 19 1 35 1 0 0 0 0 0 8425
1253821993 8361 0 21 0 35 1 0 0 0 0 0 8425
1253825549 8361 0 19 2 35 1 0 0 0 0 0 8425
1253832746 8363 0 12 7 35 1 0 0 0 0 0 8425
1253836346 8364 0 18 0 35 1 0 0 0 0 0 8425
1253840086 8364 0 18 0 35 1 0 0 0 0 0 8425
1253843541 8361 0 21 0 35 1 0 0 0 0 0 8425
1253847147 8360 0 22 0 35 1 0 0 0 0 0 8425
1253850741 8360 0 22 0 35 1 0 0 0 0 0 8425
1253854349 8360 0 22 0 35 1 0 0 0 0 0 8425
1253857941 8360 0 22 0 35 1 0 0 0 0 0 8425
1253861566 8359 0 23 0 35 1 0 0 0 0 0 8425
1253865150 8365 0 17 0 35 1 0 0 0 0 0 8425
1253868760 8364 0 13 5 35 1 0 0 0 0 0 8425
1253872351 8364 0 13 5 35 1 0 0 0 0 0 8425
1253875957 8368 0 14 0 35 1 0 0 0 0 0 8425
1253879557 8368 0 14 0 35 1 0 0 0 0 0 8425
1253883209 8363 0 20 0 35 1 0 0 0 0 0 8426
1253886792 8370 0 13 0 35 1 0 0 0 0 0 8426
1253890364 8370 0 13 0 35 1 0 0 0 0 0 8426
1253893955 8370 0 11 2 35 1 0 0 0 0 0 8426
1253897564 8370 0 11 2 35 1 0 0 0 0 0 8426
1253901187 8369 0 14 0 35 1 0 0 0 0 0 8426
1253904781 8371 0 12 0 35 1 0 0 0 0 0 8426
1253908355 8371 0 13 0 35 1 0 0 0 0 0 8427
1253911956 8371 0 13 0 35 1 0 0 0 0 0 8427
1253915554 8371 0 13 0 35 1 0 0 0 0 0 8427
1253919145 8369 1 18 0 35 1 0 0 0 0 0 8431
1253922743 8366 0 22 0 35 1 0 0 0 0 0 8431
1253926348 8366 1 21 0 35 1 0 0 0 0 0 8431
1253929942 8366 0 22 0 35 1 0 0 0 0 0 8431
1253933542 8366 0 20 2 35 1 0 0 0 0 0 8431
1253937139 8366 0 20 2 35 1 0 0 0 0 0 8431
1253940745 8367 0 21 0 35 1 0 0 0 0 0 8431
1253944338 8367 0 21 0 35 1 0 0 0 0 0 8431
1253947952 8367 0 21 0 35 1 0 0 0 0 0 8431
1253951550 8367 0 21 0 35 1 0 0 0 0 0 8431
1253955143 8367 0 21 0 35 1 0 0 0 0 0 8431
1253958747 8367 0 21 0 35 1 0 0 0 0 0 8431
1253962356 8365 0 23 0 35 1 0 0 0 0 0 8431
1253965974 8365 0 23 0 35 1 0 0 0 0 0 8431
1253969554 8364 0 24 0 35 1 0 0 0 0 0 8431
1253973154 8364 0 25 0 35 1 0 0 0 0 0 8432
1253976745 8364 0 19 1 40 1 0 0 0 0 0 8432
1253980351 8364 0 15 2 43 1 0 0 0 0 0 8432
1253983945 8363 0 14 3 43 1 0 0 0 0 0 8431
1253987550 8372 0 9 0 42 1 0 0 0 0 0 8432
1253991152 8378 0 3 0 42 1 0 0 0 0 0 8432
1253994742 8378 0 4 0 42 1 0 0 0 0 0 8433
1253998341 8378 0 4 0 42 1 0 0 0 0 0 8433
1254001949 8378 0 4 0 42 1 0 0 0 0 0 8433
1254005542 8379 0 5 0 42 1 0 0 0 0 0 8434
1254009142 8375 0 10 0 42 1 0 0 0 0 0 8435
1254012746 8374 0 11 0 42 1 0 0 0 0 0 8435
1254016343 8374 0 11 0 42 1 0 0 0 0 0 8435
1254019942 8374 0 11 0 42 1 0 0 0 0 0 8435
1254023543 8373 0 7 5 42 1 0 0 0 0 0 8435
1254027144 8378 0 7 0 42 1 0 0 0 0 0 8435
1254030751 8378 0 7 0 42 1 0 0 0 0 0 8435
1254034346 8378 0 7 0 42 1 0 0 0 0 0 8435
1254037950 8375 0 10 0 42 1 0 0 0 0 0 8435
1254041546 8375 0 10 0 42 1 0 0 0 0 0 8435
1254045141 8374 0 6 5 42 1 0 0 0 0 0 8435
1254048756 0 0 0 0 0 0 0 0 0 0 0 0
1254052360 8378 0 8 0 41 1 0 0 0 0 0 8435
1254055959 8377 0 5 3 41 1 0 0 0 0 0 8435
1254059546 8380 0 4 1 41 1 0 0 0 0 0 8435
1254063150 8380 0 6 0 41 1 0 0 0 0 0 8435
1254066756 8380 0 6 0 41 1 0 0 0 0 0 8435
1254070342 8376 0 8 0 41 1 0 0 0 0 0 8435
1254073956 8374 0 10 1 41 1 0 0 0 0 0 8435
1254077559 8374 0 10 1 41 1 0 0 0 0 0 8435
1254081151 8374 0 19 0 41 1 0 0 0 0 0 8435
1254084750 8373 0 19 1 41 1 0 0 0 0 0 8435
1254088345 8373 0 19 1 41 1 0 0 0 0 0 8435
1254091949 8373 0 25 0 41 1 0 0 0 0 0 8440
1254095544 8371 0 27 0 41 1 0 0 0 0 0 8440
1254099151 8378 0 20 0 41 1 0 0 0 0 0 8440
1254102749 8378 0 20 0 41 1 0 0 0 0 0 8440
1254106341 8377 0 21 0 41 1 0 0 0 0 0 8440
1254109951 8377 0 22 0 41 1 0 0 0 0 0 8441
1254113543 8374 0 25 0 41 1 0 0 0 0 0 8441
1254117145 8374 0 25 0 41 1 0 0 0 0 0 8442
1254120759 8373 0 21 5 41 1 0 0 0 0 0 8442
1254124357 8381 0 17 0 41 1 0 0 0 0 0 8441
1254127990 8380 0 18 0 41 1 0 0 0 0 0 8441
1254131566 8380 0 14 4 41 1 0 0 0 0 0 8441
1254135175 8384 0 15 0 41 1 0 0 0 0 0 8441
1254138777 8384 0 15 0 41 1 0 0 0 0 0 8441
1254142392 8384 0 26 0 40 1 0 0 0 0 0 8453
1254145968 8382 0 28 0 40 1 0 0 0 0 0 8453
1254149588 8382 0 28 0 40 1 0 0 0 0 0 8453
1254153173 8382 0 23 5 40 1 0 0 0 0 0 8453
1254156767 8379 0 23 5 40 1 0 0 0 0 0 8450
1254160374 8392 0 10 1 40 1 0 0 0 0 0 8452
1254163979 8394 0 9 0 40 1 0 0 0 0 0 8452
1254167572 8393 0 10 0 40 1 0 0 0 0 0 8452
1254171152 8393 0 9 1 40 1 0 0 0 0 0 8452
1254174744 8390 0 5 5 40 1 0 0 0 0 0 8452
1254178359 8389 0 9 5 40 1 0 0 0 0 0 8452
1254181956 8391 0 14 0 40 1 0 0 0 0 0 8452
1254185560 8391 0 14 0 40 1 0 0 0 0 0 8452
1254189153 8391 0 14 0 40 1 0 0 0 0 0 8452
1254192749 8391 0 14 0 40 1 0 0 0 0 0 8452
1254196353 8391 0 14 0 40 1 0 0 0 0 0 8452
1254199949 8390 0 15 0 40 1 0 0 0 0 0 8452
1254203547 8388 0 17 0 40 1 0 0 0 0 0 8452
1254207169 8387 0 18 0 40 1 0 0 0 0 0 8452
1254210763 8394 0 11 0 40 1 0 0 0 0 0 8452
1254214398 8392 0 13 0 40 1 0 0 0 0 0 8452
1254217978 8391 0 14 0 40 1 0 0 0 0 0 8452
1254221593 8389 0 16 0 40 1 0 0 0 0 0 8452
1254225174 8388 0 17 0 40 1 0 0 0 0 0 8452
1254228792 8389 0 15 2 40 1 0 0 0 0 0 8453
1254232404 8390 0 16 0 40 1 0 0 0 0 0 8453
1254236031 8389 0 17 0 40 1 0 0 0 0 0 8453
1254239594 8389 0 16 1 40 1 0 0 0 0 0 8453
1254243190 8395 0 9 0 40 1 0 0 0 0 0 8451
1254246799 8395 0 9 0 40 1 0 0 0 0 0 8451
1254250389 8395 0 9 0 40 1 0 0 0 0 0 8451
1254254001 8390 0 14 0 40 1 0 0 0 0 0 8451
1254257590 8389 0 11 4 40 1 0 0 0 0 0 8451
1254261159 8389 0 11 4 40 1 0 0 0 0 0 8451
1254264764 8388 0 7 9 40 1 0 0 0 0 0 8451
1254268349 8389 0 15 0 40 1 0 0 0 0 0 8451
1254271946 8391 0 13 0 40 1 0 0 0 0 0 8451
1254275543 8389 0 15 0 40 1 0 0 0 0 0 8451
1254279142 8389 0 15 0 40 1 0 0 0 0 0 8451
1254282749 8389 0 15 0 40 1 0 0 0 0 0 8451
1254286357 8387 0 17 0 40 1 0 0 0 0 0 8451
1254289944 8387 0 17 0 40 1 0 0 0 0 0 8451
1254293549 8387 0 17 0 40 1 0 0 0 0 0 8451
1254297170 8395 0 9 0 40 1 0 0 0 0 0 8451
1254300755 8395 0 9 0 40 1 0 0 0 0 0 8451
1254304356 8395 0 9 0 40 1 0 0 0 0 0 8451
1254307969 8395 0 9 0 40 1 0 0 0 0 0 8451
1254311561 8397 0 7 0 40 1 0 0 0 0 0 8451
1254315164 8396 0 9 0 40 1 0 0 0 0 0 8452
1254318770 8395 0 10 0 40 1 0 0 0 0 0 8452
1254322374 8394 0 10 1 40 1 0 0 0 0 0 8452
1254325966 8395 0 10 0 40 1 0 0 0 0 0 8452
1254329582 8394 0 13 0 40 1 0 0 0 0 0 8454
1254333195 8395 0 10 2 40 1 0 0 0 0 0 8454
1254336785 8396 0 11 0 40 1 0 0 0 0 0 8454
1254340409 8395 0 12 0 40 1 0 0 0 0 0 8454
1254343978 8394 0 13 0 40 1 0 0 0 0 0 8454
1254347555 8394 0 13 0 40 1 0 0 0 0 0 8454
1254351146 8388 0 14 0 39 1 0 0 0 0 0 8448
1254354744 8376 0 26 0 39 1 0 0 0 0 0 8448
1254358345 8376 0 26 0 39 1 0 0 0 0 0 8448
1254361950 8375 0 27 0 39 1 0 0 0 0 0 8448
1254365543 8372 0 28 0 39 1 0 0 0 0 0 8448
1254369139 8372 0 28 0 39 1 0 0 0 0 0 8448
1254372746 8371 0 31 0 39 1 0 0 0 0 0 8448
1254376360 8371 0 31 0 39 1 0 0 0 0 0 8448
1254384258 8370 0 32 0 39 1 0 0 0 0 0 8448
1254387158 8370 0 32 0 39 1 0 0 0 0 0 8448
1254390761 8370 0 32 0 39 1 0 0 0 0 0 8448
1254394378 8369 0 33 0 39 1 0 0 0 0 0 8448
1254397966 8366 0 36 0 39 1 0 0 0 0 0 8448
1254401572 8363 0 40 0 38 1 0 0 0 0 0 8448
1254405167 8363 0 36 4 38 1 0 0 0 0 0 8448
1254408764 8383 0 20 0 38 1 0 0 0 0 0 8448
1254412410 8383 0 20 0 38 1 0 0 0 0 0 8448
1254415974 8382 0 8 13 38 1 0 0 0 0 0 8448
1254419585 8393 0 10 0 38 1 0 0 0 0 0 8448
1254423205 8395 0 8 0 38 1 0 0 0 0 0 8448
1254426818 8394 0 9 0 38 1 0 0 0 0 0 8448
1254430362 8394 0 9 0 38 1 0 0 0 0 0 8448
1254433948 8394 0 7 2 38 1 0 0 0 0 0 8448
1254437543 8393 0 8 2 38 1 0 0 0 0 0 8448
1254441146 8388 0 15 0 38 1 0 0 0 0 0 8448
1254444747 8387 0 16 0 38 1 0 0 0 0 0 8448
1254448344 8385 0 18 0 38 1 0 0 0 0 0 8448
1254451945 8385 0 18 0 38 1 0 0 0 0 0 8448
1254455539 8385 0 18 0 38 1 0 0 0 0 0 8448
1254459146 8384 0 19 0 38 1 0 0 0 0 0 8448
1254462746 8384 0 19 0 38 1 0 0 0 0 0 8448
1254466368 8384 0 19 0 38 1 0 0 0 0 0 8448
1254469956 8391 0 12 0 38 1 0 0 0 0 0 8448
1254473568 8391 0 12 0 38 1 0 0 0 0 0 8448
1254477181 8391 0 12 0 38 1 0 0 0 0 0 8448
1254480757 8391 0 12 0 38 1 0 0 0 0 0 8448
1254484390 8396 0 7 0 38 1 0 0 0 0 0 8448
1254487998 8395 0 8 0 38 1 0 0 0 0 0 8448
1254491571 8399 0 7 0 38 1 0 0 0 0 0 8451
1254495195 8401 0 6 1 38 1 0 0 0 0 0 8453
1254498762 8401 0 6 1 38 1 0 0 0 0 0 8453
1254502366 8402 0 6 0 38 1 0 0 0 0 0 8453
1254505961 8399 0 9 0 38 1 0 0 0 0 0 8453
