1253638359 0 0 0 0 0 0 0 0 0 0 0 0
1253641991 0 0 0 0 0 0 0 0 0 0 0 0
1253645583 0 0 0 0 0 0 0 0 0 0 0 0
1253649187 0 0 0 0 0 0 0 0 0 0 0 0
1253652779 0 0 0 0 0 0 0 0 0 0 0 0
1253656345 0 0 0 0 0 0 0 0 0 0 0 0
1253659943 0 0 0 0 0 0 0 0 0 0 0 0
1253663545 0 0 0 0 0 0 0 0 0 0 0 0
1253667144 0 0 0 0 0 0 0 0 0 0 0 0
1253670744 0 0 0 0 0 0 0 0 0 0 0 0
1253674343 0 0 0 0 0 0 0 0 0 0 0 0
1253677945 0 0 0 0 0 0 0 0 0 0 0 0
1253681543 0 0 0 0 0 0 0 0 0 0 0 0
1253685145 0 0 0 0 0 0 0 0 0 0 0 0
1253688747 0 0 0 0 0 0 0 0 0 0 0 0
1253692349 0 0 0 0 0 0 0 0 0 0 0 0
1253695965 0 0 0 0 0 0 0 0 0 0 0 0
1253699557 0 0 0 0 0 0 0 0 0 0 0 0
1253703176 0 0 0 0 0 0 0 0 0 0 0 0
1253706785 0 0 0 0 0 0 0 0 0 0 0 0
1253710374 0 0 0 0 0 0 0 0 0 0 0 0
1253713974 0 0 0 0 0 0 0 0 0 0 0 0
1253717597 0 0 0 0 0 0 0 0 0 0 0 0
1253721191 0 0 0 0 0 0 0 0 0 0 0 0
1253724801 0 0 0 0 0 0 0 0 0 0 0 0
1253728409 0 0 0 0 0 0 0 0 0 0 0 0
1253732016 0 0 0 0 0 0 0 0 0 0 0 0
1253735623 0 0 0 0 0 0 0 0 0 0 0 0
1253739195 0 0 0 0 0 0 0 0 0 0 0 0
1253742746 0 0 0 0 0 0 0 0 0 0 0 0
1253746347 0 0 0 0 0 0 0 0 0 0 0 0
1253749949 0 0 0 0 0 0 0 0 0 0 0 0
1253753543 0 0 0 0 0 0 0 0 0 0 0 0
1253757146 0 0 0 0 0 0 0 0 0 0 0 0
1253760745 0 0 0 0 0 0 0 0 0 0 0 0
1253764340 0 0 0 0 0 0 0 0 0 0 0 0
1253767947 0 0 0 0 0 0 0 0 0 0 0 0
1253771540 0 0 0 0 0 0 0 0 0 0 0 0
1253775160 0 0 0 0 0 0 0 0 0 0 0 0
1253778769 0 0 0 0 0 0 0 0 0 0 0 0
1253782343 0 0 0 0 0 0 0 0 0 0 0 0
1253785952 0 0 0 0 0 0 0 0 0 0 0 0
1253789559 0 0 0 0 0 0 0 0 0 0 0 0
1253793151 0 0 0 0 0 0 0 0 0 0 0 0
1253796759 0 0 0 0 0 0 0 0 0 0 0 0
1253800360 0 0 0 0 0 0 0 0 0 0 0 0
1253803989 0 0 0 0 0 0 0 0 0 0 0 0
1253807570 0 0 0 0 0 0 0 0 0 0 0 0
1253811184 0 0 0 0 0 0 0 0 0 0 0 0
1253814776 0 0 0 0 0 0 0 0 0 0 0 0
1253818391 0 0 0 0 0 0 0 0 0 0 0 0
1253821993 0 0 0 0 0 0 0 0 0 0 0 0
1253825549 0 0 0 0 0 0 0 0 0 0 0 0
1253832746 0 0 0 0 0 0 0 0 0 0 0 0
1253836346 0 0 0 0 0 0 0 0 0 0 0 0
1253840086 0 0 0 0 0 0 0 0 0 0 0 0
1253843541 0 0 0 0 0 0 0 0 0 0 0 0
1253847147 0 0 0 0 0 0 0 0 0 0 0 0
1253850741 0 0 0 0 0 0 0 0 0 0 0 0
1253854349 0 0 0 0 0 0 0 0 0 0 0 0
1253857941 0 0 0 0 0 0 0 0 0 0 0 0
1253861566 0 0 0 0 0 0 0 0 0 0 0 0
1253865150 0 0 0 0 0 0 0 0 0 0 0 0
1253868761 0 0 0 0 0 0 0 0 0 0 0 0
1253872351 0 0 0 0 0 0 0 0 0 0 0 0
1253875957 0 0 0 0 0 0 0 0 0 0 0 0
1253879558 0 0 0 0 0 0 0 0 0 0 0 0
1253883209 0 0 0 0 0 0 0 0 0 0 0 0
1253886792 0 0 0 0 0 0 0 0 0 0 0 0
1253890364 0 0 0 0 0 0 0 0 0 0 0 0
1253893955 0 0 0 0 0 0 0 0 0 0 0 0
1253897564 0 0 0 0 0 0 0 0 0 0 0 0
1253901187 0 0 0 0 0 0 0 0 0 0 0 0
1253904781 0 0 0 0 0 0 0 0 0 0 0 0
1253908356 0 0 0 0 0 0 0 0 0 0 0 0
1253911956 0 0 0 0 0 0 0 0 0 0 0 0
1253915554 0 0 0 0 0 0 0 0 0 0 0 0
1253919145 0 0 0 0 0 0 0 0 0 0 0 0
1253922744 0 0 0 0 0 0 0 0 0 0 0 0
1253926348 0 0 0 0 0 0 0 0 0 0 0 0
1253929942 0 0 0 0 0 0 0 0 0 0 0 0
1253933542 0 0 0 0 0 0 0 0 0 0 0 0
1253937139 0 0 0 0 0 0 0 0 0 0 0 0
1253940745 0 0 0 0 0 0 0 0 0 0 0 0
1253944339 0 0 0 0 0 0 0 0 0 0 0 0
1253947952 0 0 0 0 0 0 0 0 0 0 0 0
1253951550 0 0 0 0 0 0 0 0 0 0 0 0
1253955143 0 0 0 0 0 0 0 0 0 0 0 0
1253958747 0 0 0 0 0 0 0 0 0 0 0 0
1253962356 0 0 0 0 0 0 0 0 0 0 0 0
1253965975 0 0 0 0 0 0 0 0 0 0 0 0
1253969554 0 0 0 0 0 0 0 0 0 0 0 0
1253973154 0 0 0 0 0 0 0 0 0 0 0 0
1253976745 0 0 0 0 0 0 0 0 0 0 0 0
1253980351 0 0 0 0 0 0 0 0 0 0 0 0
1253983946 0 0 0 0 0 0 0 0 0 0 0 0
1253987550 0 0 0 0 0 0 0 0 0 0 0 0
1253991153 0 0 0 0 0 0 0 0 0 0 0 0
1253994743 0 0 0 0 0 0 0 0 0 0 0 0
1253998341 0 0 0 0 0 0 0 0 0 0 0 0
1254001950 0 0 0 0 0 0 0 0 0 0 0 0
1254005543 0 0 0 0 0 0 0 0 0 0 0 0
1254009142 0 0 0 0 0 0 0 0 0 0 0 0
1254012746 0 0 0 0 0 0 0 0 0 0 0 0
1254016343 0 0 0 0 0 0 0 0 0 0 0 0
1254019942 0 0 0 0 0 0 0 0 0 0 0 0
1254023543 0 0 0 0 0 0 0 0 0 0 0 0
1254027144 0 0 0 0 0 0 0 0 0 0 0 0
1254030751 0 0 0 0 0 0 0 0 0 0 0 0
1254034346 0 0 0 0 0 0 0 0 0 0 0 0
1254037951 0 0 0 0 0 0 0 0 0 0 0 0
1254041546 0 0 0 0 0 0 0 0 0 0 0 0
1254045141 0 0 0 0 0 0 0 0 0 0 0 0
1254048756 0 0 0 0 0 0 0 0 0 0 0 0
1254052360 0 0 0 0 0 0 0 0 0 0 0 0
1254055959 0 0 0 0 0 0 0 0 0 0 0 0
1254059546 0 0 0 0 0 0 0 0 0 0 0 0
1254063150 0 0 0 0 0 0 0 0 0 0 0 0
1254066756 0 0 0 0 0 0 0 0 0 0 0 0
1254070343 0 0 0 0 0 0 0 0 0 0 0 0
1254073957 0 0 0 0 0 0 0 0 0 0 0 0
1254077559 0 0 0 0 0 0 0 0 0 0 0 0
1254081151 0 0 0 0 0 0 0 0 0 0 0 0
1254084750 0 0 0 0 0 0 0 0 0 0 0 0
1254088345 0 0 0 0 0 0 0 0 0 0 0 0
1254091949 0 0 0 0 0 0 0 0 0 0 0 0
1254095544 0 0 0 0 0 0 0 0 0 0 0 0
1254099152 0 0 0 0 0 0 0 0 0 0 0 0
1254102749 0 0 0 0 0 0 0 0 0 0 0 0
1254106342 0 0 0 0 0 0 0 0 0 0 0 0
1254109952 0 0 0 0 0 0 0 0 0 0 0 0
1254113543 0 0 0 0 0 0 0 0 0 0 0 0
1254117145 0 0 0 0 0 0 0 0 0 0 0 0
1254120759 0 0 0 0 0 0 0 0 0 0 0 0
1254124358 0 0 0 0 0 0 0 0 0 0 0 0
1254127991 0 0 0 0 0 0 0 0 0 0 0 0
1254131566 0 0 0 0 0 0 0 0 0 0 0 0
1254135175 0 0 0 0 0 0 0 0 0 0 0 0
1254138777 0 0 0 0 0 0 0 0 0 0 0 0
1254142392 0 0 0 0 0 0 0 0 0 0 0 0
1254145968 0 0 0 0 0 0 0 0 0 0 0 0
1254149588 0 0 0 0 0 0 0 0 0 0 0 0
1254153173 0 0 0 0 0 0 0 0 0 0 0 0
1254156767 0 0 0 0 0 0 0 0 0 0 0 0
1254160374 0 0 0 0 0 0 0 0 0 0 0 0
1254163979 0 0 0 0 0 0 0 0 0 0 0 0
1254167572 0 0 0 0 0 0 0 0 0 0 0 0
1254171152 0 0 0 0 0 0 0 0 0 0 0 0
1254174744 0 0 0 0 0 0 0 0 0 0 0 0
1254178359 0 0 0 0 0 0 0 0 0 0 0 0
1254181956 0 0 0 0 0 0 0 0 0 0 0 0
1254185560 0 0 0 0 0 0 0 0 0 0 0 0
1254189153 0 0 0 0 0 0 0 0 0 0 0 0
1254192749 0 0 0 0 0 0 0 0 0 0 0 0
1254196353 0 0 0 0 0 0 0 0 0 0 0 0
1254199949 0 0 0 0 0 0 0 0 0 0 0 0
1254203547 0 0 0 0 0 0 0 0 0 0 0 0
1254207169 0 0 0 0 0 0 0 0 0 0 0 0
1254210763 0 0 0 0 0 0 0 0 0 0 0 0
1254214398 0 0 0 0 0 0 0 0 0 0 0 0
1254217978 0 0 0 0 0 0 0 0 0 0 0 0
1254221593 0 0 0 0 0 0 0 0 0 0 0 0
1254225174 0 0 0 0 0 0 0 0 0 0 0 0
1254228793 0 0 0 0 0 0 0 0 0 0 0 0
1254232404 0 0 0 0 0 0 0 0 0 0 0 0
1254236031 0 0 0 0 0 0 0 0 0 0 0 0
1254239595 0 0 0 0 0 0 0 0 0 0 0 0
1254243190 0 0 0 0 0 0 0 0 0 0 0 0
1254246799 0 0 0 0 0 0 0 0 0 0 0 0
1254250389 0 0 0 0 0 0 0 0 0 0 0 0
1254254001 0 0 0 0 0 0 0 0 0 0 0 0
1254257590 0 0 0 0 0 0 0 0 0 0 0 0
1254261159 0 0 0 0 0 0 0 0 0 0 0 0
1254264764 0 0 0 0 0 0 0 0 0 0 0 0
1254268349 0 0 0 0 0 0 0 0 0 0 0 0
1254271946 0 0 0 0 0 0 0 0 0 0 0 0
1254275543 0 0 0 0 0 0 0 0 0 0 0 0
1254279143 0 0 0 0 0 0 0 0 0 0 0 0
1254282749 0 0 0 0 0 0 0 0 0 0 0 0
1254286357 0 0 0 0 0 0 0 0 0 0 0 0
1254289945 0 0 0 0 0 0 0 0 0 0 0 0
1254293549 0 0 0 0 0 0 0 0 0 0 0 0
1254297170 0 0 0 0 0 0 0 0 0 0 0 0
1254300755 0 0 0 0 0 0 0 0 0 0 0 0
1254304356 0 0 0 0 0 0 0 0 0 0 0 0
1254307969 0 0 0 0 0 0 0 0 0 0 0 0
1254311561 0 0 0 0 0 0 0 0 0 0 0 0
1254315164 0 0 0 0 0 0 0 0 0 0 0 0
1254318770 0 0 0 0 0 0 0 0 0 0 0 0
1254322374 0 0 0 0 0 0 0 0 0 0 0 0
1254325966 0 0 0 0 0 0 0 0 0 0 0 0
1254329582 0 0 0 0 0 0 0 0 0 0 0 0
1254333196 0 0 0 0 0 0 0 0 0 0 0 0
1254336786 0 0 0 0 0 0 0 0 0 0 0 0
1254340410 0 0 0 0 0 0 0 0 0 0 0 0
1254343978 0 0 0 0 0 0 0 0 0 0 0 0
1254347555 0 0 0 0 0 0 0 0 0 0 0 0
1254351147 0 0 0 0 0 0 0 0 0 0 0 0
1254354744 0 0 0 0 0 0 0 0 0 0 0 0
1254358345 0 0 0 0 0 0 0 0 0 0 0 0
1254361950 0 0 0 0 0 0 0 0 0 0 0 0
1254365543 0 0 0 0 0 0 0 0 0 0 0 0
1254369140 0 0 0 0 0 0 0 0 0 0 0 0
1254372746 0 0 0 0 0 0 0 0 0 0 0 0
1254376360 0 0 0 0 0 0 0 0 0 0 0 0
1254384259 0 0 0 0 0 0 0 0 0 0 0 0
1254387158 0 0 0 0 0 0 0 0 0 0 0 0
1254390762 0 0 0 0 0 0 0 0 0 0 0 0
1254394378 0 0 0 0 0 0 0 0 0 0 0 0
1254397966 0 0 0 0 0 0 0 0 0 0 0 0
1254401572 0 0 0 0 0 0 0 0 0 0 0 0
1254405167 0 0 0 0 0 0 0 0 0 0 0 0
1254408764 0 0 0 0 0 0 0 0 0 0 0 0
1254412410 0 0 0 0 0 0 0 0 0 0 0 0
1254415974 0 0 0 0 0 0 0 0 0 0 0 0
1254419585 0 0 0 0 0 0 0 0 0 0 0 0
1254423206 0 0 0 0 0 0 0 0 0 0 0 0
1254426818 0 0 0 0 0 0 0 0 0 0 0 0
1254430362 0 0 0 0 0 0 0 0 0 0 0 0
1254433948 0 0 0 0 0 0 0 0 0 0 0 0
1254437543 0 0 0 0 0 0 0 0 0 0 0 0
1254441146 0 0 0 0 0 0 0 0 0 0 0 0
1254444747 0 0 0 0 0 0 0 0 0 0 0 0
1254448344 0 0 0 0 0 0 0 0 0 0 0 0
1254451945 0 0 0 0 0 0 0 0 0 0 0 0
1254455539 0 0 0 0 0 0 0 0 0 0 0 0
1254459146 0 0 0 0 0 0 0 0 0 0 0 0
1254462746 0 0 0 0 0 0 0 0 0 0 0 0
1254466368 0 0 0 0 0 0 0 0 0 0 0 0
1254469956 0 0 0 0 0 0 0 0 0 0 0 0
1254473568 0 0 0 0 0 0 0 0 0 0 0 0
1254477181 0 0 0 0 0 0 0 0 0 0 0 0
1254480757 0 0 0 0 0 0 0 0 0 0 0 0
1254484390 0 0 0 0 0 0 0 0 0 0 0 0
1254487998 0 0 0 0 0 0 0 0 0 0 0 0
1254491572 0 0 0 0 0 0 0 0 0 0 0 0
1254495195 0 0 0 0 0 0 0 0 0 0 0 0
1254498762 0 0 0 0 0 0 0 0 0 0 0 0
1254502366 0 0 0 0 0 0 0 0 0 0 0 0
1254505961 0 0 0 0 0 0 0 0 0 0 0 0
