1253638359 8004 0 86 1 29 57 0 0 0 0 32 8242
1253641991 8004 0 86 1 29 57 0 0 0 0 32 8242
1253645583 8001 0 86 4 29 57 0 0 0 0 32 8242
1253649187 8002 0 89 1 29 57 0 0 0 0 32 8242
1253652779 8001 0 90 1 29 57 0 0 0 0 32 8242
1253656345 8001 0 83 8 29 57 0 0 0 0 32 8242
1253659943 7997 0 84 8 29 57 0 0 0 0 32 8239
1253663545 7997 5 89 1 29 57 0 0 0 0 32 8239
1253667144 7996 3 92 1 29 57 0 0 0 0 32 8239
1253670744 7995 0 96 1 29 57 0 0 0 0 32 8239
1253674343 7995 0 96 1 29 57 0 0 0 0 32 8239
1253677945 7995 0 96 1 29 57 0 0 0 0 32 8239
1253681543 7988 2 104 0 28 57 0 0 0 0 32 8239
1253685145 7985 0 102 6 28 57 0 0 0 0 32 8239
1253688747 8004 0 87 0 28 57 0 0 0 0 32 8238
1253692349 8007 0 81 3 28 57 0 0 0 0 32 8238
1253695965 8010 0 82 1 28 57 0 0 0 0 32 8238
1253699557 8010 0 80 3 28 57 0 0 0 0 32 8238
1253703176 8010 0 82 2 28 57 0 0 0 0 32 8238
1253706785 7998 0 91 4 28 57 0 0 0 0 32 8238
1253710374 8002 0 92 1 28 57 0 0 0 0 32 8239
1253713974 8002 0 86 7 28 57 0 0 0 0 32 8239
1253717597 8002 0 86 7 28 57 0 0 0 0 32 8239
1253721191 8002 0 81 12 28 57 0 0 0 0 32 8239
1253724801 8005 0 80 8 28 58 0 0 0 0 32 8237
1253728409 7999 0 100 1 28 58 0 0 0 0 32 8244
1253732016 7997 5 94 7 28 58 0 0 0 0 32 8247
1253735623 8000 3 92 8 28 58 0 0 0 0 32 8247
1253739196 8005 0 95 3 28 58 0 0 0 0 32 8247
1253742746 8005 0 84 14 28 58 0 0 0 0 32 8247
1253746347 8004 0 84 12 28 58 0 0 0 0 32 8248
1253749950 8003 0 84 0 28 58 0 0 0 0 32 8248
1253753543 8003 0 84 0 28 58 0 0 0 0 32 8248
1253757146 8002 0 84 0 28 58 0 0 0 0 32 8248
1253760745 8002 0 83 0 28 58 0 0 0 0 32 8248
1253764340 8002 0 83 0 28 58 0 0 0 0 32 8248
1253767947 8001 0 83 0 28 58 0 0 0 0 32 8248
1253771540 8001 0 83 0 28 58 0 0 0 0 32 8248
1253775161 8003 0 79 0 28 58 0 0 0 0 32 8248
1253778769 8002 0 78 0 28 58 0 0 0 0 32 8248
1253782343 8002 0 78 0 28 58 0 0 0 0 32 8248
1253785952 8002 0 78 0 28 58 0 0 0 0 32 8248
1253789559 7994 0 78 0 28 58 0 0 0 0 32 8248
1253793151 7990 0 78 0 28 58 0 0 0 0 32 8248
1253796760 7987 0 78 0 28 58 0 0 0 0 32 8250
1253800360 7982 0 78 0 28 58 0 0 0 0 32 8250
1253803989 7981 0 78 0 28 58 0 0 0 0 32 8250
1253807570 7981 0 78 0 28 58 0 0 0 0 32 8250
1253811185 7967 0 80 0 28 58 0 0 0 0 32 8251
1253814776 7968 0 79 0 28 58 0 0 0 0 32 8251
1253818391 7963 0 79 0 28 58 0 0 0 0 32 8251
1253821994 7961 42 98 0 28 58 0 0 0 0 32 8251
1253825549 7960 33 102 4 28 58 0 0 0 0 32 8251
1253832746 7960 14 121 5 28 58 0 0 0 0 32 8251
1253836346 7955 20 121 0 28 58 0 0 0 0 32 8251
1253840087 7954 20 121 0 28 58 0 0 0 0 32 8251
1253843541 7951 21 123 0 28 58 0 0 0 0 32 8251
1253847147 7949 11 126 0 28 58 0 0 0 0 32 8251
1253850741 7949 9 128 0 28 58 0 0 0 0 32 8251
1253854349 7948 17 130 0 28 58 0 0 0 0 32 8251
1253857941 7946 17 132 0 28 58 0 0 0 0 32 8251
1253861566 7944 19 132 0 28 58 0 0 0 0 32 8251
1253865151 7976 7 97 14 28 58 0 0 0 0 32 8251
1253868761 7989 12 92 6 28 58 0 0 0 0 32 8251
1253872352 7989 8 96 6 28 58 0 0 0 0 32 8251
1253875957 7989 4 107 0 28 58 0 0 0 0 32 8251
1253879558 7988 0 112 0 28 58 0 0 0 0 32 8251
1253883209 7978 2 120 0 28 58 0 0 0 0 32 8252
1253886793 7981 2 101 18 28 58 0 0 0 0 32 8252
1253890364 7999 0 96 6 28 58 0 0 0 0 32 8252
1253893955 7999 0 96 6 28 58 0 0 0 0 32 8252
1253897564 7998 1 90 14 28 58 0 0 0 0 32 8252
1253901188 8006 1 97 0 28 58 0 0 0 0 32 8252
1253904781 8005 1 98 0 28 58 0 0 0 0 32 8252
1253908356 7999 3 96 6 28 58 0 0 0 0 32 8253
1253911956 8005 0 93 6 28 58 0 0 0 0 32 8253
1253915555 8005 0 93 6 28 58 0 0 0 0 32 8253
1253919145 7996 6 104 0 28 58 0 0 0 0 32 8257
1253922744 7993 10 92 11 28 58 0 0 0 0 32 8257
1253926348 8001 10 91 0 28 58 0 0 0 0 32 8257
1253929942 8001 0 101 0 28 58 0 0 0 0 32 8257
1253933542 8001 0 101 0 28 58 0 0 0 0 32 8257
1253937139 8001 0 101 0 28 58 0 0 0 0 32 8257
1253940745 7996 0 106 0 28 58 0 0 0 0 32 8257
1253944339 7996 0 106 0 28 58 0 0 0 0 32 8257
1253947952 7996 0 106 0 28 58 0 0 0 0 32 8257
1253951550 7996 0 106 0 28 58 0 0 0 0 32 8257
1253955143 7996 0 96 10 28 58 0 0 0 0 32 8257
1253958747 7996 0 86 20 28 58 0 0 0 0 32 8257
1253962357 8012 0 96 1 29 58 0 0 0 0 32 8257
1253965975 8012 1 96 0 29 58 0 0 0 0 32 8257
1253969554 8011 2 93 3 29 58 0 0 0 0 32 8257
1253973154 8012 5 92 0 29 58 0 0 0 0 32 8258
1253976745 8011 0 98 0 29 58 0 0 0 0 32 8258
1253980352 8011 0 97 0 29 58 0 0 0 0 32 8258
1253983946 8010 0 97 0 29 58 0 0 0 0 32 8257
1253987550 8003 0 101 0 29 58 0 0 0 0 32 8258
1253991153 8003 0 102 0 29 58 0 0 0 0 32 8259
1253994743 8003 0 102 0 29 58 0 0 0 0 32 8260
1253998342 8002 0 103 0 29 58 0 0 0 0 32 8260
1254001950 8002 0 103 0 29 58 0 0 0 0 32 8260
1254005543 8003 0 109 0 29 58 0 0 0 0 32 8261
1254009142 7997 5 111 0 29 58 0 0 0 0 32 8262
1254012746 7996 4 113 0 29 58 0 0 0 0 32 8262
1254016343 7995 3 115 0 29 58 0 0 0 0 32 8262
1254019942 7995 3 115 0 29 58 0 0 0 0 32 8262
1254023543 7994 0 119 0 29 58 0 0 0 0 32 8262
1254027144 7994 0 119 0 29 58 0 0 0 0 32 8262
1254030751 7994 0 119 0 29 58 0 0 0 0 32 8262
1254034346 7993 0 120 0 29 58 0 0 0 0 32 8262
1254037951 7986 3 124 0 29 58 0 0 0 0 32 8262
1254041546 7986 0 127 0 29 58 0 0 0 0 32 8262
1254045141 7986 0 127 0 29 58 0 0 0 0 32 8262
1254048756 7986 0 127 0 29 58 0 0 0 0 32 8262
1254052360 7983 0 130 0 29 58 0 0 0 0 32 8262
1254055959 7980 0 132 0 29 58 0 0 0 0 32 8262
1254059547 7988 0 104 20 29 58 0 0 0 0 32 8262
1254063151 8005 0 85 20 29 58 0 0 0 0 32 8261
1254066756 8005 0 85 20 29 58 0 0 0 0 32 8261
1254070343 8021 0 89 2 29 58 0 0 0 0 32 8261
1254073957 8010 3 95 4 29 58 0 0 0 0 32 8261
1254077560 8014 5 93 0 29 58 0 0 0 0 32 8261
1254081151 8012 36 94 0 29 58 0 0 0 0 32 8261
1254084750 8010 6 88 8 29 58 0 0 0 0 32 8261
1254088346 8010 0 92 10 29 58 0 0 0 0 32 8261
1254091949 8013 13 92 0 29 58 0 0 0 0 32 8266
1254095544 8007 9 102 0 29 58 0 0 0 0 32 8266
1254099152 8006 10 102 0 29 58 0 0 0 0 32 8266
1254102750 8006 0 112 0 29 58 0 0 0 0 32 8266
1254106342 8005 1 112 0 29 58 0 0 0 0 32 8266
1254109952 8005 2 112 0 29 58 0 0 0 0 32 8267
1254113543 8002 5 112 0 29 58 0 0 0 0 32 8267
1254117145 8002 3 114 0 29 58 0 0 0 0 32 8268
1254120760 8001 2 116 0 29 58 0 0 0 0 32 8268
1254124358 8001 0 118 0 29 58 0 0 0 0 32 8268
1254127991 8000 0 119 0 29 58 0 0 0 0 32 8268
1254131566 8000 0 119 0 29 58 0 0 0 0 32 8268
1254135175 8003 1 97 19 29 58 0 0 0 0 32 8268
1254138777 8030 0 92 0 29 58 0 0 0 0 32 8267
1254142392 8026 14 93 0 28 58 0 0 0 0 32 8279
1254145968 8023 13 97 0 28 58 0 0 0 0 32 8279
1254149588 8022 4 105 0 28 58 0 0 0 0 32 8279
1254153173 8022 0 90 18 28 58 0 0 0 0 32 8279
1254156767 8019 0 90 20 28 58 0 0 0 0 32 8276
1254160374 8030 7 93 0 28 58 0 0 0 0 32 8278
1254163979 8034 8 89 0 28 58 0 0 0 0 32 8278
1254167572 8032 8 91 0 28 58 0 0 0 0 32 8278
1254171152 8032 8 91 0 28 58 0 0 0 0 32 8278
1254174744 8029 8 91 0 28 58 0 0 0 0 32 8278
1254178359 8028 12 91 0 28 58 0 0 0 0 32 8278
1254181956 8016 1 89 0 28 58 0 0 0 0 32 8278
1254185560 8016 0 90 0 28 58 0 0 0 0 32 8278
1254189154 8016 0 90 0 28 58 0 0 0 0 32 8278
1254192749 8016 0 90 0 28 58 0 0 0 0 32 8278
1254196354 8016 0 90 0 28 58 0 0 0 0 32 8278
1254199949 8014 1 90 0 28 58 0 0 0 0 32 8278
1254203547 8013 1 90 0 28 58 0 0 0 0 32 8278
1254207169 8012 1 90 0 28 58 0 0 0 0 32 8278
1254210763 8011 1 90 0 28 58 0 0 0 0 32 8278
1254214399 8009 0 91 0 28 58 0 0 0 0 32 8278
1254217978 8008 0 91 0 28 58 0 0 0 0 32 8278
1254221593 8004 0 91 0 28 58 0 0 0 0 32 8278
1254225175 8002 0 91 0 28 58 0 0 0 0 32 8278
1254228793 7993 0 91 0 28 58 0 0 0 0 32 8279
1254232404 7989 0 90 0 28 58 0 0 0 0 32 8279
1254236031 7988 0 90 0 28 58 0 0 0 0 32 8279
1254239595 7988 0 90 0 28 58 0 0 0 0 32 8279
1254243190 7978 0 91 0 28 58 0 0 0 0 32 8277
1254246799 7983 45 98 1 28 58 0 0 0 0 32 8277
1254250389 7989 38 100 0 28 58 0 0 0 0 32 8277
1254254001 7987 40 91 9 28 58 0 0 0 0 32 8277
1254257590 7995 30 94 6 28 58 0 0 0 0 32 8277
1254261159 7995 24 100 6 28 58 0 0 0 0 32 8277
1254264764 7994 15 112 6 28 58 0 0 0 0 32 8277
1254268349 7986 20 118 0 28 58 0 0 0 0 32 8277
1254271946 7985 17 122 0 28 58 0 0 0 0 32 8277
1254275543 7983 17 124 0 28 58 0 0 0 0 32 8277
1254279143 7983 17 124 0 28 58 0 0 0 0 32 8277
1254282750 7983 17 124 0 28 58 0 0 0 0 32 8277
1254286357 7978 21 124 0 28 58 0 0 0 0 32 8277
1254289945 7984 21 108 8 28 58 0 0 0 0 32 8277
1254293549 8010 7 104 0 28 58 0 0 0 0 32 8277
1254297170 8007 8 98 7 29 58 0 0 0 0 32 8277
1254300755 8014 1 98 10 29 58 0 0 0 0 32 8277
1254304356 8014 0 99 10 29 58 0 0 0 0 32 8277
1254307969 8014 0 87 22 29 58 0 0 0 0 32 8277
1254311561 8035 0 91 0 29 58 0 0 0 0 32 8277
1254315164 8032 0 92 2 29 58 0 0 0 0 32 8278
1254318770 8038 0 94 0 29 58 0 0 0 0 32 8278
1254322375 8037 0 95 0 29 58 0 0 0 0 32 8278
1254325966 8037 0 95 0 29 58 0 0 0 0 32 8278
1254329582 8025 2 106 0 29 58 0 0 0 0 32 8280
1254333196 8021 2 110 0 29 58 0 0 0 0 32 8280
1254336786 8016 1 108 6 29 58 0 0 0 0 32 8280
1254340410 8038 0 92 0 29 58 0 0 0 0 32 8280
1254343978 8037 0 92 1 29 58 0 0 0 0 32 8280
1254347555 8037 0 88 5 29 58 0 0 0 0 32 8280
1254351147 8029 0 91 5 29 58 0 0 0 0 32 8274
1254354744 8016 4 104 0 29 58 0 0 0 0 32 8274
1254358345 8016 2 106 0 29 58 0 0 0 0 32 8274
1254361951 8014 2 108 0 29 58 0 0 0 0 32 8274
1254365543 8011 0 113 0 29 58 0 0 0 0 32 8274
1254369140 8011 0 113 0 29 58 0 0 0 0 32 8274
1254372746 8006 0 102 15 29 58 0 0 0 0 32 8274
1254376360 8032 0 92 4 29 58 0 0 0 0 32 8274
1254384259 8033 1 95 0 29 58 0 0 0 0 32 8274
1254387158 8033 0 95 0 29 58 0 0 0 0 32 8274
1254390762 8033 0 95 0 29 58 0 0 0 0 32 8274
1254394378 8030 0 99 0 29 58 0 0 0 0 32 8274
1254397966 8027 0 102 0 29 58 0 0 0 0 32 8274
1254401572 8020 0 109 0 29 58 0 0 0 0 32 8274
1254405168 8019 0 110 0 29 58 0 0 0 0 32 8274
1254408765 8018 0 111 0 29 58 0 0 0 0 32 8274
1254412410 8018 0 111 0 29 58 0 0 0 0 32 8274
1254415974 8017 0 88 24 29 58 0 0 0 0 32 8274
1254419585 8041 0 88 0 29 58 0 0 0 0 32 8274
1254423206 8038 0 91 0 29 58 0 0 0 0 32 8274
1254426819 8038 0 91 0 29 58 0 0 0 0 32 8274
1254430362 8038 0 87 4 29 58 0 0 0 0 32 8274
1254433949 8038 0 84 7 29 58 0 0 0 0 32 8274
1254437544 8036 0 86 7 29 58 0 0 0 0 32 8274
1254441146 8032 0 97 0 29 58 0 0 0 0 32 8274
1254444747 8032 0 97 0 29 58 0 0 0 0 32 8274
1254448344 8030 0 99 0 29 58 0 0 0 0 32 8274
1254451945 8030 0 99 0 29 58 0 0 0 0 32 8274
1254455539 8030 0 99 0 29 58 0 0 0 0 32 8274
1254459147 8029 0 100 0 29 58 0 0 0 0 32 8274
1254462746 8029 0 89 11 29 58 0 0 0 0 32 8274
1254466368 8046 0 83 0 29 58 0 0 0 0 32 8274
1254469956 8044 0 85 0 29 58 0 0 0 0 32 8274
1254473568 8044 0 85 0 29 58 0 0 0 0 32 8274
1254477181 8044 0 82 3 29 58 0 0 0 0 32 8274
1254480757 8046 0 83 0 29 58 0 0 0 0 32 8274
1254484390 8046 0 84 0 28 58 0 0 0 0 32 8274
1254487999 8042 1 87 0 28 58 0 0 0 0 32 8274
1254491572 8042 0 90 0 28 58 0 0 0 0 32 8277
1254495196 8040 0 90 3 28 58 0 0 0 0 32 8279
1254498762 8040 0 87 6 28 58 0 0 0 0 32 8279
1254502366 8047 0 87 0 28 58 0 0 0 0 32 8279
1254505961 8044 0 90 0 28 58 0 0 0 0 32 8279
