1253638359 7931 1 159 1 24 1 0 0 0 0 11 8227
1253641992 7931 0 163 1 24 1 0 0 0 0 11 8227
1253645583 7927 0 167 1 24 1 0 0 0 0 11 8227
1253649187 7924 0 169 1 24 1 0 0 0 0 11 8227
1253652779 7923 0 171 1 24 1 0 0 0 0 11 8227
1253656345 7923 0 171 1 24 1 0 0 0 0 11 8227
1253659943 7918 0 173 1 24 1 0 0 0 0 11 8224
1253663545 7911 0 179 1 24 1 0 0 0 0 11 8224
1253667144 7910 0 180 1 24 1 0 0 0 0 11 8224
1253670744 7909 0 181 1 24 1 0 0 0 0 11 8224
1253674343 7909 0 181 1 24 1 0 0 0 0 11 8224
1253677945 7909 0 181 1 24 1 0 0 0 0 11 8224
1253681543 7901 4 186 0 24 1 0 0 0 0 11 8224
1253685145 7898 0 191 0 24 1 0 0 0 0 11 8224
1253688747 7895 0 193 0 24 1 0 0 0 0 11 8223
1253692349 7895 0 193 0 24 1 0 0 0 0 11 8223
1253695965 7895 0 193 0 24 1 0 0 0 0 11 8223
1253699557 7895 0 193 0 24 1 0 0 0 0 11 8223
1253703176 7894 0 194 0 24 1 0 0 0 0 11 8223
1253706785 7923 0 160 2 24 1 0 0 0 0 11 8223
1253710374 7925 0 165 0 24 1 0 0 0 0 11 8224
1253713974 7924 1 165 0 24 1 0 0 0 0 11 8224
1253717598 7924 0 165 0 24 1 0 0 0 0 11 8224
1253721191 7924 0 164 0 24 1 0 0 0 0 11 8224
1253724801 7921 0 168 0 24 2 0 0 0 0 11 8222
1253728410 7908 0 186 0 24 2 0 0 0 0 11 8229
1253732016 7904 0 191 0 24 2 0 0 0 0 11 8232
1253735623 7900 0 196 0 24 2 0 0 0 0 11 8232
1253739196 7898 0 197 0 24 2 0 0 0 0 11 8232
1253742747 7898 0 197 0 24 2 0 0 0 0 11 8232
1253746347 7895 0 197 0 24 2 0 0 0 0 11 8233
1253749950 7883 0 196 0 24 2 0 0 0 0 11 8233
1253753543 7883 0 196 0 24 2 0 0 0 0 11 8233
1253757146 7883 0 195 0 24 2 0 0 0 0 11 8233
1253760745 7882 0 195 0 24 2 0 0 0 0 11 8233
1253764341 7882 0 195 0 24 2 0 0 0 0 11 8233
1253767947 7881 0 195 0 24 2 0 0 0 0 11 8233
1253771540 7881 0 194 0 24 2 0 0 0 0 11 8233
1253775161 7880 0 193 0 24 2 0 0 0 0 11 8233
1253778769 7909 0 162 0 24 2 0 0 0 0 11 8233
1253782343 7909 0 162 0 24 2 0 0 0 0 11 8233
1253785952 7909 0 162 0 24 2 0 0 0 0 11 8233
1253789559 7903 0 161 0 24 2 0 0 0 0 11 8233
1253793151 7900 0 160 0 24 2 0 0 0 0 11 8233
1253796760 7898 0 159 0 24 2 0 0 0 0 11 8235
1253800360 7893 0 159 0 24 2 0 0 0 0 11 8235
1253803989 7892 0 159 0 24 2 0 0 0 0 11 8235
1253807570 7892 0 159 0 24 2 0 0 0 0 11 8235
1253811185 7879 0 160 0 24 2 0 0 0 0 11 8236
1253814776 7878 0 161 0 24 2 0 0 0 0 11 8236
1253818391 7873 0 161 0 24 2 0 0 0 0 11 8236
1253821994 7870 0 161 0 24 2 0 0 0 0 11 8236
1253825550 7868 0 130 31 24 2 0 0 0 0 11 8236
1253832746 7868 0 129 32 24 2 0 0 0 0 11 8236
1253836346 7883 73 133 0 24 2 0 0 0 0 11 8236
1253840087 7882 74 133 0 24 2 0 0 0 0 11 8236
1253843541 7879 71 138 0 24 2 0 0 0 0 11 8236
1253847148 7877 67 143 0 24 2 0 0 0 0 11 8236
1253850742 7877 67 132 11 24 2 0 0 0 0 11 8236
1253854350 7887 68 137 0 24 2 0 0 0 0 11 8236
1253857941 7885 64 142 0 24 2 0 0 0 0 11 8236
1253861566 7883 51 157 0 24 2 0 0 0 0 11 8236
1253865151 7882 41 162 0 24 2 0 0 0 0 11 8236
1253868761 7881 42 166 0 24 2 0 0 0 0 11 8236
1253872352 7881 35 171 0 24 2 0 0 0 0 11 8236
1253875958 7876 39 176 0 24 2 0 0 0 0 11 8236
1253879558 7875 39 176 0 24 2 0 0 0 0 11 8236
1253883209 7866 43 181 0 24 2 0 0 0 0 11 8237
1253886793 7862 46 182 0 24 2 0 0 0 0 11 8237
1253890364 7862 41 187 0 24 2 0 0 0 0 11 8237
1253893955 7862 11 192 0 24 2 0 0 0 0 11 8237
1253897564 7861 36 192 0 24 2 0 0 0 0 11 8237
1253901188 7853 45 192 0 24 2 0 0 0 0 11 8237
1253904781 7852 45 192 0 24 2 0 0 0 0 11 8237
1253908356 7847 43 196 0 24 2 0 0 0 0 11 8238
1253911956 7847 39 201 0 24 2 0 0 0 0 11 8238
1253915555 7847 36 202 0 24 2 0 0 0 0 11 8238
1253919145 7836 40 205 0 24 2 0 0 0 0 11 8242
1253922744 7833 30 207 0 24 2 0 0 0 0 11 8242
1253926348 7827 53 206 0 24 2 0 0 0 0 11 8242
1253929942 7827 52 206 0 24 2 0 0 0 0 11 8242
1253933542 7827 50 206 0 24 2 0 0 0 0 11 8242
1253937140 7827 48 206 0 24 2 0 0 0 0 11 8242
1253940745 7822 53 211 0 24 2 0 0 0 0 11 8242
1253944339 7822 53 211 0 24 2 0 0 0 0 11 8242
1253947952 7822 48 212 0 24 2 0 0 0 0 11 8242
1253951550 7822 41 212 0 24 2 0 0 0 0 11 8242
1253955143 7822 53 211 0 24 2 0 0 0 0 11 8242
1253958747 7822 52 211 0 24 2 0 0 0 0 11 8242
1253962357 7818 56 212 0 24 2 0 0 0 0 11 8242
1253965975 7817 58 211 0 24 2 0 0 0 0 11 8242
1253969555 7816 58 211 0 24 2 0 0 0 0 11 8242
1253973154 7813 62 211 0 24 2 0 0 0 0 11 8243
1253976745 7812 55 212 0 24 2 0 0 0 0 11 8243
1253980352 7812 46 135 80 24 2 0 0 0 0 11 8243
1253983946 7811 49 135 80 24 2 0 0 0 0 11 8242
1253987550 7883 53 135 0 24 2 0 0 0 0 11 8243
1253991153 7883 48 140 0 24 2 0 0 0 0 11 8244
1253994743 7890 46 138 0 24 2 0 0 0 0 11 8245
1253998342 7889 39 138 0 24 2 0 0 0 0 11 8245
1254001950 7889 37 138 0 24 2 0 0 0 0 11 8245
1254005543 7890 52 139 0 24 2 0 0 0 0 11 8246
1254009142 7886 81 136 0 24 2 0 0 0 0 11 8247
1254012746 7885 81 136 0 24 2 0 0 0 0 11 8247
1254016343 7884 82 136 0 24 2 0 0 0 0 11 8247
1254019942 7884 74 141 0 24 2 0 0 0 0 11 8247
1254023543 7883 78 141 0 24 2 0 0 0 0 11 8247
1254027144 7883 73 141 0 24 2 0 0 0 0 11 8247
1254030751 7883 78 141 0 24 2 0 0 0 0 11 8247
1254034347 7882 67 146 0 24 2 0 0 0 0 11 8247
1254037951 7876 74 150 0 24 2 0 0 0 0 11 8247
1254041546 7876 54 150 0 24 2 0 0 0 0 11 8247
1254045141 7876 72 155 0 24 2 0 0 0 0 11 8247
1254048756 7876 72 155 0 24 2 0 0 0 0 11 8247
1254052360 7873 65 165 0 24 2 0 0 0 0 11 8247
1254055959 7871 66 164 0 24 2 0 0 0 0 11 8247
1254059547 7868 69 164 0 24 2 0 0 0 0 11 8247
1254063151 7866 68 164 0 24 2 0 0 0 0 11 8247
1254066756 7866 50 164 0 24 2 0 0 0 0 11 8247
1254070343 7865 71 164 0 24 2 0 0 0 0 11 8247
1254073957 7853 86 162 0 24 2 0 0 0 0 11 8247
1254077560 7851 88 162 0 24 2 0 0 0 0 11 8247
1254081151 7849 177 172 0 24 2 0 0 0 0 11 8247
1254084750 7847 79 173 0 24 2 0 0 0 0 11 8247
1254088346 7847 75 173 0 24 2 0 0 0 0 11 8247
1254091949 7841 91 172 0 24 2 0 0 0 0 11 8252
1254095544 7835 90 177 0 24 2 0 0 0 0 11 8252
1254099152 7834 97 177 0 24 2 0 0 0 0 11 8252
1254102750 7834 82 182 0 24 2 0 0 0 0 11 8252
1254106342 7833 82 187 0 24 2 0 0 0 0 11 8252
1254109952 7833 89 187 0 24 2 0 0 0 0 11 8253
1254113543 7830 81 196 0 24 2 0 0 0 0 11 8253
1254117145 7830 77 201 0 24 2 0 0 0 0 11 8254
1254120760 7829 78 201 0 24 2 0 0 0 0 11 8254
1254124358 7829 69 206 0 24 2 0 0 0 0 11 8254
1254127991 7828 44 211 0 24 2 0 0 0 0 11 8254
1254131566 7828 34 216 0 24 2 0 0 0 0 11 8254
1254135175 7827 62 220 0 24 2 0 0 0 0 11 8254
1254138777 7827 62 220 0 24 2 0 0 0 0 11 8254
1254142393 7823 70 224 0 24 2 0 0 0 0 11 8266
1254145968 7820 73 224 0 24 2 0 0 0 0 11 8266
1254149589 7819 59 235 0 24 2 0 0 0 0 11 8266
1254153173 7819 59 235 0 24 2 0 0 0 0 11 8266
1254156767 7817 53 244 0 24 2 0 0 0 0 11 8263
1254160374 7810 51 253 0 24 2 0 0 0 0 11 8265
1254163979 7808 43 263 0 24 2 0 0 0 0 11 8265
1254167572 7807 45 262 0 24 2 0 0 0 0 11 8265
1254171152 7807 45 207 55 24 2 0 0 0 0 11 8265
1254174744 7804 45 140 122 24 2 0 0 0 0 11 8265
1254178360 7803 49 140 122 24 2 0 0 0 0 11 8265
1254181956 7914 0 142 0 24 2 0 0 0 0 11 8265
1254185560 7914 0 142 0 24 2 0 0 0 0 11 8265
1254189154 7920 0 136 0 24 2 0 0 0 0 11 8265
1254192749 7920 0 136 0 24 2 0 0 0 0 11 8265
1254196354 7920 0 136 0 24 2 0 0 0 0 11 8265
1254199949 7919 0 137 0 24 2 0 0 0 0 11 8265
1254203547 7918 0 137 0 24 2 0 0 0 0 11 8265
1254207169 7917 0 137 0 24 2 0 0 0 0 11 8265
1254210763 7916 0 137 0 24 2 0 0 0 0 11 8265
1254214399 7914 0 137 0 24 2 0 0 0 0 11 8265
1254217978 7913 0 137 0 24 2 0 0 0 0 11 8265
1254221593 7909 0 137 0 24 2 0 0 0 0 11 8265
1254225175 7907 0 137 0 24 2 0 0 0 0 11 8265
1254228793 7898 0 137 0 24 2 0 0 0 0 11 8266
1254232405 7897 78 150 0 24 2 0 0 0 0 11 8266
1254236031 7896 72 157 0 24 2 0 0 0 0 11 8266
1254239595 7896 66 162 0 24 2 0 0 0 0 11 8266
1254243190 7889 65 168 0 24 2 0 0 0 0 11 8264
1254246799 7889 56 161 17 24 2 0 0 0 0 11 8264
1254250390 7906 49 170 0 24 2 0 0 0 0 11 8264
1254254001 7898 58 170 0 24 2 0 0 0 0 11 8264
1254257590 7897 59 170 0 24 2 0 0 0 0 11 8264
1254261160 7897 59 170 0 24 2 0 0 0 0 11 8264
1254264764 7896 53 175 0 24 2 0 0 0 0 11 8264
1254268349 7894 57 169 0 24 2 0 0 0 0 11 8264
1254271947 7893 58 169 0 24 2 0 0 0 0 11 8264
1254275543 7891 60 169 0 24 2 0 0 0 0 11 8264
1254279143 7891 55 172 0 24 2 0 0 0 0 11 8264
1254282750 7891 55 172 0 24 2 0 0 0 0 11 8264
1254286357 7886 61 172 0 24 2 0 0 0 0 11 8264
1254289945 7886 61 172 0 24 2 0 0 0 0 11 8264
1254293550 7886 65 168 0 24 2 0 0 0 0 11 8264
1254297170 7884 68 167 0 24 2 0 0 0 0 11 8264
1254300755 7884 68 167 0 24 2 0 0 0 0 11 8264
1254304357 7884 68 167 0 24 2 0 0 0 0 11 8264
1254307970 7884 68 167 0 24 2 0 0 0 0 11 8264
1254311561 7883 69 167 0 24 2 0 0 0 0 11 8264
1254315165 7878 73 167 0 24 2 0 0 0 0 11 8265
1254318770 7876 75 167 0 24 2 0 0 0 0 11 8265
1254322375 7876 76 166 0 24 2 0 0 0 0 11 8265
1254325966 7876 76 166 0 24 2 0 0 0 0 11 8265
1254329582 7865 87 166 0 24 2 0 0 0 0 11 8267
1254333196 7861 87 170 0 24 2 0 0 0 0 11 8267
1254336786 7856 95 165 0 24 2 0 0 0 0 11 8267
1254340410 7853 84 172 0 24 2 0 0 0 0 11 8267
1254343978 7852 85 172 0 24 2 0 0 0 0 11 8267
1254347555 7852 84 173 0 24 2 0 0 0 0 11 8267
1254351147 7844 88 172 0 24 2 0 0 0 0 11 8261
1254354744 7827 101 172 0 24 2 0 0 0 0 11 8261
1254358345 7827 101 172 0 24 2 0 0 0 0 11 8261
1254361951 7825 103 172 0 24 2 0 0 0 0 11 8261
1254365543 7823 100 174 0 24 2 0 0 0 0 11 8261
1254369140 7823 85 189 0 24 2 0 0 0 0 11 8261
1254372746 7818 82 199 0 24 2 0 0 0 0 11 8261
1254376360 7818 82 199 0 24 2 0 0 0 0 11 8261
1254384259 7815 80 204 0 24 2 0 0 0 0 11 8261
1254387158 7815 80 185 19 24 2 0 0 0 0 11 8261
1254390762 7815 80 185 19 24 2 0 0 0 0 11 8261
1254394379 7831 82 185 0 24 2 0 0 0 0 11 8261
1254397967 7829 86 183 0 24 2 0 0 0 0 11 8261
1254401572 7823 87 187 0 24 2 0 0 0 0 11 8261
1254405168 7823 88 186 0 24 2 0 0 0 0 11 8261
1254408765 7822 89 186 0 24 2 0 0 0 0 11 8261
1254412410 7822 89 186 0 24 2 0 0 0 0 11 8261
1254415974 7821 90 186 0 24 2 0 0 0 0 11 8261
1254419585 7820 96 175 0 24 2 0 0 0 0 11 8261
1254423206 7817 94 180 0 24 2 0 0 0 0 11 8261
1254426819 7818 94 180 0 24 2 0 0 0 0 11 8262
1254430362 7818 79 195 0 24 2 0 0 0 0 11 8262
1254433949 7818 74 198 1 24 2 0 0 0 0 11 8262
1254437544 7816 67 208 1 24 2 0 0 0 0 11 8262
1254441146 7807 76 208 0 23 2 0 0 0 0 11 8262
1254444747 7807 67 217 0 23 2 0 0 0 0 11 8262
1254448344 7805 68 217 0 23 2 0 0 0 0 11 8262
1254451945 7805 53 232 0 23 2 0 0 0 0 11 8262
1254455539 7805 53 232 0 23 2 0 0 0 0 11 8262
1254459147 7804 43 242 0 23 2 0 0 0 0 11 8262
1254462746 7804 18 267 0 23 2 0 0 0 0 11 8262
1254466368 7804 13 272 0 23 2 0 0 0 0 11 8262
1254469956 7803 10 276 0 23 2 0 0 0 0 11 8262
1254473568 7803 10 276 0 23 2 0 0 0 0 11 8262
1254477181 7803 5 281 0 23 2 0 0 0 0 11 8262
1254480757 7817 0 272 0 23 2 0 0 0 0 11 8262
1254484390 7816 0 273 0 23 2 0 0 0 0 11 8262
1254487999 7812 4 273 0 23 2 0 0 0 0 11 8262
1254491572 7809 4 276 0 23 2 0 0 0 0 11 8265
1254495196 7808 0 281 0 23 2 0 0 0 0 11 8267
1254498762 7808 0 281 0 23 2 0 0 0 0 11 8267
1254502367 7807 2 282 0 23 2 0 0 0 0 11 8267
1254505962 7804 2 285 0 23 2 0 0 0 0 11 8267
