1253638360 5320 4 10 2 1454 1038 0 0 82 0 65 8210
1253641992 5320 1 12 2 1455 1038 0 0 82 0 65 8210
1253645584 5319 1 11 4 1455 1038 0 0 82 0 65 8210
1253649187 5317 1 14 3 1455 1038 0 0 82 0 65 8210
1253652780 5318 1 13 4 1454 1038 0 0 82 0 65 8210
1253656345 5318 1 10 7 1454 1038 0 0 82 0 65 8210
1253659943 5317 2 10 7 1454 1038 0 0 82 0 65 8210
1253663545 5312 7 15 2 1451 1037 0 0 82 0 65 8207
1253667144 5312 5 14 5 1450 1037 0 0 82 0 65 8207
1253670744 5315 1 16 4 1450 1037 0 0 82 0 65 8207
1253674343 5317 1 16 2 1450 1037 0 0 82 0 65 8207
1253677945 5317 1 16 2 1450 1037 0 0 82 0 65 8207
1253681544 5317 1 16 2 1450 1037 0 0 82 0 65 8207
1253685145 5315 4 16 2 1448 1037 0 0 82 0 65 8207
1253688747 5312 4 18 2 1447 1037 0 0 82 0 65 8206
1253692349 5312 1 19 2 1449 1037 0 0 82 0 65 8206
1253695965 5312 1 16 5 1449 1037 0 0 82 0 65 8206
1253699557 5312 1 16 5 1449 1037 0 0 82 0 65 8206
1253703176 5312 1 10 9 1451 1037 0 0 82 0 65 8206
1253706785 5314 8 14 2 1447 1037 0 0 82 0 65 8206
1253710374 5312 6 18 2 1447 1037 0 0 82 0 65 8206
1253713974 5312 5 14 7 1448 1037 0 0 82 0 65 8207
1253717598 5316 1 12 8 1449 1037 0 0 82 0 65 8207
1253721191 5316 1 10 10 1449 1037 0 0 82 0 65 8207
1253724801 5316 1 10 10 1449 1037 0 0 82 0 65 8207
1253728410 5316 10 14 3 1449 1037 0 0 82 0 65 8214
1253732016 5315 6 21 3 1448 1036 0 0 82 0 65 8216
1253735623 5312 1 19 10 1451 1036 0 0 82 0 65 8216
1253739196 5314 1 17 9 1452 1036 0 0 82 0 65 8216
1253742747 5314 1 16 10 1452 1036 0 0 82 0 65 8216
1253746347 5314 1 16 10 1452 1036 0 0 82 0 65 8216
1253749950 5315 1 22 3 1449 1036 0 0 82 0 65 8216
1253753544 5316 0 18 6 1450 1036 0 0 82 0 65 8216
1253757147 5320 0 18 2 1450 1036 0 0 82 0 65 8216
1253760745 5321 0 20 2 1448 1035 0 0 82 0 65 8216
1253764341 5321 0 20 2 1448 1035 0 0 82 0 65 8216
1253767947 5321 0 20 2 1448 1035 0 0 82 0 65 8216
1253771540 5321 0 20 2 1448 1035 0 0 82 0 65 8216
1253775161 5320 0 21 2 1447 1035 0 0 82 0 65 8216
1253778769 5320 0 21 2 1447 1035 0 0 82 0 65 8216
1253782343 5318 0 22 2 1447 1035 0 0 82 0 65 8216
1253785953 5318 0 22 2 1447 1035 0 0 82 0 65 8216
1253789560 5315 0 23 2 1445 1035 0 0 82 0 65 8217
1253793151 5313 1 25 2 1444 1035 0 0 82 0 65 8217
1253796760 5312 0 23 3 1446 1035 0 0 82 0 65 8218
1253800360 5313 0 23 4 1441 1034 0 0 82 0 65 8219
1253803989 5315 0 23 2 1441 1034 0 0 82 0 65 8219
1253807570 5315 0 23 2 1441 1034 0 0 82 0 65 8219
1253811185 5306 0 24 3 1441 1034 0 0 82 0 65 8219
1253814776 5304 0 27 2 1441 1034 0 0 82 0 65 8220
1253818392 5302 0 23 6 1441 1034 0 0 82 0 65 8220
1253821994 5302 0 24 2 1439 1034 0 0 82 0 65 8220
1253825550 5300 0 24 3 1438 1034 0 0 82 0 65 8220
1253832746 5300 0 11 11 1443 1034 0 0 82 0 65 8220
1253836346 5302 3 11 2 1437 1034 0 0 82 0 65 8220
1253840087 5301 4 11 2 1435 1034 0 0 82 0 65 8220
1253843541 5300 4 11 2 1435 1034 0 0 82 0 65 8220
1253847148 5297 6 11 2 1434 1034 0 0 82 0 65 8220
1253850742 5297 6 11 2 1434 1034 0 0 82 0 65 8220
1253854350 5297 6 11 2 1434 1034 0 0 82 0 65 8220
1253857942 5296 6 11 2 1433 1034 0 0 82 0 65 8220
1253861566 5294 6 11 2 1433 1034 0 0 82 0 65 8220
1253865151 5293 6 11 2 1433 1034 0 0 82 0 65 8220
1253868761 5292 7 11 2 1433 1034 0 0 82 0 65 8220
1253872352 5292 7 11 2 1433 1034 0 0 82 0 65 8220
1253875958 5292 7 11 2 1433 1034 0 0 82 0 65 8220
1253879558 5289 12 11 2 1431 1034 0 0 82 0 65 8220
1253883209 5284 15 11 2 1430 1034 0 0 82 0 65 8221
1253886793 5282 16 11 2 1430 1034 0 0 82 0 65 8221
1253890364 5281 18 11 2 1429 1034 0 0 82 0 65 8221
1253893956 5281 18 11 2 1429 1034 0 0 82 0 65 8221
1253897564 5281 18 11 2 1429 1034 0 0 82 0 65 8221
1253901188 5276 24 11 2 1426 1034 0 0 82 0 65 8225
1253904781 5276 24 11 2 1426 1034 0 0 82 0 65 8225
1253908356 5273 26 11 2 1424 1034 0 0 82 0 65 8226
1253911957 5271 27 11 2 1422 1034 0 0 82 0 65 8226
1253915555 5271 27 11 2 1422 1034 0 0 82 0 65 8226
1253919145 5271 27 11 2 1422 1034 0 0 82 0 65 8226
1253922744 5264 30 11 2 1421 1034 0 0 82 0 65 8226
1253926348 5261 32 11 2 1420 1034 0 0 82 0 65 8226
1253929942 5259 33 11 2 1420 1034 0 0 82 0 65 8226
1253933543 5258 33 11 2 1420 1034 0 0 82 0 65 8226
1253937140 5258 33 11 2 1420 1034 0 0 82 0 65 8226
1253940745 5258 33 11 2 1420 1034 0 0 82 0 65 8226
1253944339 5254 35 11 2 1420 1034 0 0 82 0 65 8226
1253947952 5254 35 11 2 1420 1034 0 0 82 0 65 8226
1253951551 5254 35 11 2 1420 1034 0 0 82 0 65 8226
1253955143 5254 35 11 2 1420 1034 0 0 82 0 65 8226
1253958747 5254 35 11 2 1420 1034 0 0 82 0 65 8226
1253962357 5252 37 10 3 1419 1034 0 0 82 0 65 8226
1253965975 5252 38 10 2 1418 1034 0 0 82 0 65 8226
1253969555 5252 36 12 2 1418 1034 0 0 82 0 65 8226
1253973154 5249 94 12 3 1418 1034 0 0 82 0 65 8227
1253976746 5249 94 11 3 1418 1034 0 0 82 0 65 8227
1253980352 5249 93 11 4 1418 1034 0 0 82 0 65 8227
1253983946 5249 91 13 4 1418 1034 0 0 82 0 65 8227
1253987551 5248 103 12 4 1418 1034 0 0 82 0 65 8228
1253991153 5250 105 11 3 1417 1034 0 0 82 0 65 8228
1253994743 5251 102 12 3 1419 1034 0 0 82 0 65 8229
1253998342 5252 103 11 3 1419 1034 0 0 82 0 65 8230
1254001950 5251 101 12 5 1419 1034 0 0 82 0 65 8230
1254005543 5251 100 12 5 1420 1034 0 0 82 0 65 8230
1254009142 5249 103 12 5 1420 1034 0 0 82 0 65 8231
1254012746 5250 69 12 4 1419 1034 0 0 82 0 65 8230
1254016343 5250 70 12 4 1419 1034 0 0 82 0 65 8231
1254019942 5249 71 12 4 1419 1034 0 0 82 0 65 8231
1254023544 5249 68 15 4 1419 1034 0 0 82 0 65 8231
1254027144 5251 68 16 2 1418 1034 0 0 82 0 65 8231
1254030751 5251 64 20 2 1418 1034 0 0 82 0 65 8231
1254034347 5251 63 21 2 1418 1034 0 0 82 0 65 8231
1254037951 5248 65 21 2 1418 1033 0 0 82 0 65 8231
1254041546 5247 66 21 2 1417 1033 0 0 82 0 65 8231
1254045142 5247 65 22 2 1417 1033 0 0 82 0 65 8231
1254048756 5246 66 23 2 1416 1033 0 0 82 0 65 8231
1254052361 5246 66 13 11 1416 1033 0 0 82 0 65 8231
1254055960 5254 66 13 2 1416 1033 0 0 82 0 65 8231
1254059547 5254 66 11 2 1416 1033 0 0 82 0 65 8231
1254063151 5251 67 11 3 1415 1033 0 0 82 0 65 8231
1254066756 5251 64 11 5 1416 1033 0 0 82 0 65 8231
1254070343 5251 61 11 8 1416 1033 0 0 82 0 65 8231
1254073957 5252 62 11 6 1413 1033 0 0 82 0 65 8236
1254077560 5253 64 11 3 1412 1033 0 0 82 0 65 8236
1254081151 5253 62 11 4 1413 1033 0 0 82 0 65 8236
1254084751 5252 108 11 5 1411 1033 0 0 82 0 65 8236
1254088346 5252 108 11 5 1411 1033 0 0 82 0 65 8236
1254091949 5252 105 10 8 1412 1033 0 0 82 0 65 8237
1254095544 5254 111 9 3 1410 1033 0 0 82 0 65 8237
1254099152 5255 118 9 2 1403 1033 0 0 82 0 65 8237
1254102750 5255 119 9 2 1402 1033 0 0 82 0 65 8237
1254106342 5255 119 9 2 1402 1033 0 0 82 0 65 8237
1254109952 5255 119 9 2 1402 1033 0 0 82 0 65 8237
1254113543 5253 121 9 2 1402 1033 0 0 82 0 65 8237
1254117145 5253 121 10 2 1401 1033 0 0 82 0 65 8237
1254120760 5253 119 12 2 1401 1033 0 0 82 0 65 8238
1254124358 5252 120 11 3 1401 1033 0 0 82 0 65 8238
1254127991 5254 121 9 3 1401 1033 0 0 82 0 65 8238
1254131567 5254 119 11 3 1401 1033 0 0 82 0 65 8238
1254135175 5254 117 13 3 1401 1033 0 0 82 0 65 8238
1254138778 5255 119 10 4 1399 1033 0 0 82 0 65 8238
1254142393 5257 124 9 3 1399 1032 0 0 82 0 65 8248
1254145968 5254 129 10 2 1399 1032 0 0 82 0 65 8250
1254149589 5253 131 10 2 1398 1032 0 0 82 0 65 8250
1254153173 5253 131 10 2 1398 1032 0 0 82 0 65 8250
1254156767 5253 131 9 3 1398 1032 0 0 82 0 65 8250
1254160374 5249 132 11 2 1398 1031 0 0 82 0 65 8249
1254163980 5245 137 9 4 1398 1031 0 0 82 0 65 8249
1254167572 5245 137 10 2 1399 1031 0 0 82 0 65 8249
1254171152 5245 136 9 4 1399 1031 0 0 82 0 65 8249
1254174745 5245 135 10 4 1399 1031 0 0 82 0 65 8249
1254178360 5245 131 10 7 1400 1031 0 0 82 0 65 8249
1254181957 5242 137 9 7 1398 1031 0 0 82 0 65 8249
1254185560 5246 136 10 3 1398 1031 0 0 82 0 65 8249
1254189154 5247 136 10 2 1398 1031 0 0 82 0 65 8249
1254192749 5247 132 14 2 1398 1031 0 0 82 0 65 8249
1254196354 5247 131 15 2 1398 1031 0 0 82 0 65 8249
1254199949 5247 130 16 2 1398 1031 0 0 82 0 65 8249
1254203547 5247 131 16 2 1397 1031 0 0 82 0 65 8249
1254207169 5247 130 18 2 1396 1031 0 0 82 0 65 8249
1254210763 5247 130 18 2 1396 1031 0 0 82 0 65 8249
1254214399 5245 130 12 7 1399 1031 0 0 82 0 65 8249
1254217978 5245 129 11 9 1399 1031 0 0 82 0 65 8249
1254221593 5250 130 11 3 1399 1031 0 0 82 0 65 8249
1254225175 5249 133 11 2 1397 1031 0 0 82 0 65 8249
1254228793 5247 131 14 2 1396 1031 0 0 82 0 65 8250
1254232405 5242 135 11 5 1396 1031 0 0 82 0 65 8250
1254236031 5241 138 11 3 1396 1031 0 0 82 0 65 8250
1254239595 5241 138 11 3 1396 1031 0 0 82 0 65 8250
1254243190 5241 138 11 3 1396 1031 0 0 82 0 65 8250
1254246799 5237 142 11 2 1395 1031 0 0 82 0 65 8248
1254250390 5236 142 12 2 1395 1031 0 0 82 0 65 8248
1254254001 5234 143 11 4 1394 1031 0 0 82 0 65 8248
1254257590 5232 146 12 4 1392 1031 0 0 82 0 65 8248
1254261160 5232 146 11 5 1392 1031 0 0 82 0 65 8248
1254264765 5232 145 11 6 1392 1031 0 0 82 0 65 8248
1254268349 5229 151 10 3 1391 1031 0 0 82 0 65 8248
1254271947 5229 153 11 3 1389 1031 0 0 82 0 65 8248
1254275543 5228 155 11 2 1389 1031 0 0 82 0 65 8248
1254279143 5228 155 11 2 1389 1031 0 0 82 0 65 8248
1254282750 5228 155 11 2 1389 1031 0 0 82 0 65 8248
1254286357 5226 148 11 2 1388 1031 0 0 82 0 65 8248
1254289945 5225 142 17 2 1388 1031 0 0 82 0 65 8248
1254293550 5225 141 18 2 1388 1031 0 0 82 0 65 8248
1254297170 5225 142 11 6 1390 1031 0 0 82 0 65 8248
1254300755 5228 153 11 3 1390 1031 0 0 82 0 65 8248
1254304357 5228 153 11 3 1390 1031 0 0 82 0 65 8248
1254307970 5228 153 11 3 1390 1031 0 0 82 0 65 8248
1254311561 5228 153 11 2 1391 1031 0 0 82 0 65 8248
1254315165 5227 154 11 2 1391 1031 0 0 82 0 65 8248
1254318770 5224 157 11 2 1391 1031 0 0 82 0 65 8249
1254322375 5224 155 13 2 1391 1031 0 0 82 0 65 8249
1254325966 5224 150 13 6 1392 1031 0 0 82 0 65 8249
1254329582 5221 156 14 4 1390 1031 0 0 82 0 65 8251
1254333196 5219 155 13 8 1390 1031 0 0 82 0 65 8251
1254336786 5222 155 14 7 1391 1028 0 0 82 0 65 8251
1254340410 5225 155 15 3 1391 1028 0 0 82 0 65 8251
1254343978 5222 156 17 3 1391 1028 0 0 82 0 65 8251
1254347555 5222 152 13 11 1391 1028 0 0 82 0 65 8251
1254351147 5222 152 13 12 1390 1028 0 0 82 0 65 8251
1254354744 5222 154 13 4 1388 1027 0 0 82 0 65 8245
1254358345 5223 156 13 2 1387 1027 0 0 82 0 65 8245
1254361951 5222 158 13 2 1386 1027 0 0 82 0 65 8245
1254365544 5219 161 13 2 1386 1027 0 0 82 0 65 8245
1254369140 5219 161 13 2 1386 1027 0 0 82 0 65 8245
1254372746 5219 161 13 2 1386 1027 0 0 82 0 65 8245
1254376360 5216 164 13 2 1386 1027 0 0 82 0 65 8245
1254384259 5214 167 13 2 1385 1027 0 0 82 0 65 8245
1254387158 5214 167 12 3 1385 1027 0 0 82 0 65 8245
1254390762 5214 167 12 3 1385 1027 0 0 82 0 65 8245
1254394379 5214 167 12 3 1385 1027 0 0 82 0 65 8245
1254397967 5214 166 14 2 1384 1027 0 0 82 0 65 8245
1254401572 5211 168 11 7 1383 1027 0 0 82 0 65 8245
1254405168 5210 169 14 3 1383 1027 0 0 82 0 65 8245
1254408765 5210 170 14 2 1383 1027 0 0 82 0 65 8245
1254412410 5210 170 10 5 1384 1027 0 0 82 0 65 8245
1254415974 5210 170 11 5 1383 1027 0 0 82 0 65 8245
1254419585 5212 171 11 2 1382 1027 0 0 82 0 65 8245
1254423206 5211 171 11 5 1380 1027 0 0 82 0 65 8245
1254426819 5213 170 11 3 1381 1027 0 0 82 0 65 8245
1254430363 5214 169 12 2 1381 1027 0 0 82 0 65 8245
1254433949 5214 168 13 2 1381 1027 0 0 82 0 65 8245
1254437544 5214 167 13 3 1381 1027 0 0 82 0 65 8245
1254441146 5209 169 12 10 1378 1027 0 0 82 0 65 8245
1254444747 5217 167 10 6 1378 1027 0 0 82 0 65 8245
1254448344 5221 165 10 4 1378 1027 0 0 82 0 65 8245
1254451945 5223 163 12 2 1377 1027 0 0 82 0 65 8245
1254455539 5223 161 14 2 1377 1027 0 0 82 0 65 8245
1254459147 5223 159 16 2 1377 1027 0 0 82 0 65 8245
1254462746 5223 157 18 2 1377 1027 0 0 82 0 65 8245
1254466368 5223 154 20 3 1377 1027 0 0 82 0 65 8245
1254469956 5224 149 12 15 1377 1027 0 0 82 0 65 8245
1254473568 5231 149 13 7 1377 1027 0 0 82 0 65 8245
1254477181 5231 146 9 13 1378 1027 0 0 82 0 65 8245
1254480757 5236 147 9 7 1378 1027 0 0 82 0 65 8245
1254484391 5241 147 9 2 1378 1027 0 0 82 0 65 8245
1254487999 5239 147 9 2 1378 1027 0 0 82 0 65 8245
1254491572 5235 147 13 2 1378 1027 0 0 82 0 65 8247
1254495196 5234 149 14 2 1378 1027 0 0 82 0 65 8250
1254498762 5234 143 20 2 1378 1027 0 0 82 0 65 8250
1254502367 5234 140 23 2 1378 1027 0 0 82 0 65 8250
1254505962 5233 141 25 2 1376 1027 0 0 82 0 65 8250
