1253638360 8465 5 6 0 23 0 0 0 0 0 1 8505
1253641992 8466 0 10 0 23 0 0 0 0 0 1 8505
1253645584 8464 0 12 0 23 0 0 0 0 0 1 8505
1253649188 8464 0 12 0 23 0 0 0 0 0 1 8505
1253652780 8463 0 10 3 23 0 0 0 0 0 1 8505
1253656346 8463 0 5 8 23 0 0 0 0 0 1 8505
1253659944 8459 0 5 9 23 0 0 0 0 0 1 8502
1253663546 8464 0 9 0 23 0 0 0 0 0 1 8502
1253667144 8463 0 10 0 23 0 0 0 0 0 1 8502
1253670744 8463 0 10 0 23 0 0 0 0 0 1 8502
1253674343 8463 0 10 0 23 0 0 0 0 0 1 8502
1253677946 8463 0 10 0 23 0 0 0 0 0 1 8502
1253681544 8458 1 14 0 23 0 0 0 0 0 1 8502
1253685145 8456 0 16 0 23 0 0 0 0 0 1 8502
1253688747 8454 0 16 0 23 0 0 0 0 0 1 8501
1253692349 8465 0 7 0 23 0 0 0 0 0 1 8501
1253695966 8465 0 7 0 23 0 0 0 0 0 1 8501
1253699557 8465 0 7 0 23 0 0 0 0 0 1 8501
1253703176 8464 0 8 0 23 0 0 0 0 0 1 8501
1253706785 8457 0 9 5 23 0 0 0 0 0 1 8501
1253710374 8467 0 6 0 23 0 0 0 0 0 1 8502
1253713975 8466 0 7 0 23 0 0 0 0 0 1 8502
1253717598 8466 0 7 0 23 0 0 0 0 0 1 8502
1253721191 8466 0 7 0 23 0 0 0 0 0 1 8502
1253724801 8464 0 4 2 23 1 0 0 0 0 1 8500
1253728410 8463 0 14 0 23 1 0 0 0 0 1 8507
1253732017 8471 0 8 1 23 1 0 0 0 0 1 8510
1253735623 8466 0 14 0 23 1 0 0 0 0 1 8510
1253739196 8465 0 11 4 23 1 0 0 0 0 1 8510
1253742747 8465 0 6 9 23 1 0 0 0 0 1 8510
1253746347 8464 0 6 9 23 1 0 0 0 0 1 8510
1253749950 8466 0 6 0 23 1 0 0 0 0 1 8510
1253753544 8466 0 6 0 23 1 0 0 0 0 1 8510
1253757147 8466 0 6 0 23 1 0 0 0 0 1 8510
1253760745 8465 0 6 0 23 1 0 0 0 0 1 8510
1253764341 8465 0 6 0 23 1 0 0 0 0 1 8510
1253767947 8464 0 6 0 23 1 0 0 0 0 1 8510
1253771540 8463 0 6 0 23 1 0 0 0 0 1 8510
1253775161 8462 0 6 0 23 1 0 0 0 0 1 8510
1253778769 8462 0 6 0 23 1 0 0 0 0 1 8510
1253782343 8462 0 6 0 23 1 0 0 0 0 1 8510
1253785953 8462 0 6 0 23 1 0 0 0 0 1 8510
1253789560 8456 0 6 0 23 1 0 0 0 0 1 8510
1253793151 8453 0 6 0 23 1 0 0 0 0 1 8510
1253796760 8455 0 5 0 23 1 0 0 0 0 1 8512
1253800360 8451 0 5 0 23 1 0 0 0 0 1 8512
1253803990 8450 0 5 0 23 1 0 0 0 0 1 8512
1253807570 8450 0 5 0 23 1 0 0 0 0 1 8512
1253811185 8439 0 6 0 23 1 0 0 0 0 1 8513
1253814776 8441 29 9 0 23 1 0 0 0 0 1 8513
1253818392 8449 0 27 3 23 1 0 0 0 0 1 8513
1253821994 8451 0 28 0 23 1 0 0 0 0 1 8513
1253825550 8449 0 9 21 23 1 0 0 0 0 1 8513
1253832746 8467 0 6 6 23 1 0 0 0 0 1 8513
1253836346 8459 2 17 0 23 1 0 0 0 0 1 8513
1253840087 8458 0 20 0 23 1 0 0 0 0 1 8513
1253843541 8458 0 20 0 23 1 0 0 0 0 1 8513
1253847148 8457 0 21 0 23 1 0 0 0 0 1 8513
1253850742 8457 0 21 0 23 1 0 0 0 0 1 8513
1253854350 8457 0 21 0 23 1 0 0 0 0 1 8513
1253857942 8455 0 23 0 23 1 0 0 0 0 1 8513
1253861567 8454 0 20 4 23 1 0 0 0 0 1 8513
1253865151 8469 0 10 0 23 1 0 0 0 0 1 8513
1253868761 8469 0 10 0 23 1 0 0 0 0 1 8513
1253872352 8469 0 10 0 23 1 0 0 0 0 1 8513
1253875958 8464 0 15 0 23 1 0 0 0 0 1 8513
1253879558 8463 0 16 0 23 1 0 0 0 0 1 8513
1253883209 8458 0 22 0 23 1 0 0 0 0 1 8514
1253886793 8472 0 8 0 23 1 0 0 0 0 1 8514
1253890364 8472 0 7 1 23 1 0 0 0 0 1 8514
1253893956 8472 0 6 2 23 1 0 0 0 0 1 8514
1253897564 8471 0 6 3 23 1 0 0 0 0 1 8514
1253901188 8469 0 11 0 23 1 0 0 0 0 1 8514
1253904781 8474 0 6 0 23 1 0 0 0 0 1 8514
1253908356 8470 0 10 0 23 1 0 0 0 0 1 8515
1253911957 8470 0 10 0 23 1 0 0 0 0 1 8515
1253915555 8470 0 10 0 23 1 0 0 0 0 1 8515
1253919145 8459 1 24 0 23 1 0 0 0 0 1 8519
1253922744 8458 0 26 0 23 1 0 0 0 0 1 8519
1253926349 8452 2 27 0 23 1 0 0 0 0 1 8519
1253929943 8452 0 29 0 23 1 0 0 0 0 1 8519
1253933543 8452 0 9 20 23 1 0 0 0 0 1 8519
1253937140 8452 0 9 20 23 1 0 0 0 0 1 8519
1253940745 8468 0 17 0 23 1 0 0 0 0 1 8519
1253944339 8468 0 17 0 23 1 0 0 0 0 1 8519
1253947952 8468 0 17 0 23 1 0 0 0 0 1 8519
1253951551 8468 0 17 0 23 1 0 0 0 0 1 8519
1253955144 8468 0 17 0 23 1 0 0 0 0 1 8519
1253958747 8468 0 17 0 23 1 0 0 0 0 1 8519
1253962357 8475 1 9 0 23 1 0 0 0 0 1 8519
1253965975 8477 0 8 0 23 1 0 0 0 0 1 8519
1253969555 8477 0 8 0 23 1 0 0 0 0 1 8519
1253973154 8477 0 7 0 24 1 0 0 0 0 1 8520
1253976746 8476 0 2 1 29 1 0 0 0 0 1 8520
1253980352 8476 0 2 1 29 1 0 0 0 0 1 8520
1253983946 8475 0 2 1 29 1 0 0 0 0 1 8519
1253987551 8476 0 3 0 28 1 0 0 0 0 1 8520
1253991153 8477 0 3 0 28 1 0 0 0 0 1 8521
1253994743 8478 0 2 0 28 1 0 0 0 0 1 8521
1253998342 8477 0 3 0 28 1 0 0 0 0 1 8521
1254001950 8477 0 2 1 28 1 0 0 0 0 1 8521
1254005543 8479 0 3 0 28 1 0 0 0 0 1 8522
1254009142 8477 0 6 0 28 1 0 0 0 0 1 8523
1254012746 8477 0 6 0 28 1 0 0 0 0 1 8523
1254016343 8476 0 7 0 28 1 0 0 0 0 1 8523
1254019943 8476 0 7 0 28 1 0 0 0 0 1 8523
1254023544 8476 0 7 0 28 1 0 0 0 0 1 8523
1254027144 8476 0 7 0 28 1 0 0 0 0 1 8523
1254030751 8476 0 7 0 28 1 0 0 0 0 1 8523
1254034347 8475 0 8 0 28 1 0 0 0 0 1 8523
1254037951 8470 0 13 0 28 1 0 0 0 0 1 8523
1254041546 8470 0 13 0 28 1 0 0 0 0 1 8523
1254045142 8470 0 2 11 28 1 0 0 0 0 1 8523
1254048757 8470 0 2 11 28 1 0 0 0 0 1 8523
1254052361 8480 0 2 0 29 1 0 0 0 0 1 8523
1254055960 8479 0 3 0 29 1 0 0 0 0 1 8523
1254059547 8476 0 4 2 29 1 0 0 0 0 1 8523
1254063151 8477 0 2 3 29 1 0 0 0 0 1 8523
1254066756 8477 0 2 3 29 1 0 0 0 0 1 8523
1254070343 8475 0 4 3 29 1 0 0 0 0 1 8523
1254073957 8476 0 7 0 28 1 0 0 0 0 1 8523
1254077560 8479 0 3 1 28 1 0 0 0 0 1 8523
1254081152 8479 0 14 0 28 1 0 0 0 0 1 8523
1254084751 8478 0 2 3 28 1 0 0 0 0 1 8523
1254088346 8478 0 2 3 28 1 0 0 0 0 1 8523
1254091950 8476 0 12 0 28 1 0 0 0 0 1 8527
1254095544 8472 0 16 0 28 1 0 0 0 0 1 8527
1254099152 8472 0 16 0 28 1 0 0 0 0 1 8527
1254102750 8472 0 16 0 28 1 0 0 0 0 1 8527
1254106342 8472 0 16 0 28 1 0 0 0 0 1 8527
1254109952 8472 0 16 0 28 1 0 0 0 0 1 8527
1254113544 8471 0 18 0 28 1 0 0 0 0 1 8528
1254117145 8472 0 18 0 28 1 0 0 0 0 1 8529
1254120760 8472 0 13 5 28 1 0 0 0 0 1 8529
1254124358 8488 0 5 0 28 1 0 0 0 0 1 8529
1254127991 8488 0 5 0 28 1 0 0 0 0 1 8529
1254131567 8488 0 5 0 28 1 0 0 0 0 1 8529
1254135175 8485 0 8 0 28 1 0 0 0 0 1 8529
1254138778 8485 0 8 0 28 1 0 0 0 0 1 8529
1254142393 8493 0 12 0 28 1 0 0 0 0 1 8541
1254145968 8492 0 13 0 28 1 0 0 0 0 1 8541
1254149589 8491 0 14 0 28 1 0 0 0 0 1 8541
1254153174 8491 0 14 0 28 1 0 0 0 0 1 8541
1254156767 8488 0 14 0 28 1 0 0 0 0 1 8538
1254160374 8498 0 5 1 28 1 0 0 0 0 1 8540
1254163980 8501 0 3 0 28 1 0 0 0 0 1 8540
1254167573 8501 0 3 0 28 1 0 0 0 0 1 8540
1254171152 8501 0 3 0 28 1 0 0 0 0 1 8540
1254174745 8498 0 2 1 28 1 0 0 0 0 1 8540
1254178360 8498 0 5 1 28 1 0 0 0 0 1 8540
1254181957 8495 0 4 0 25 1 0 0 0 0 1 8540
1254185560 8495 0 4 0 25 1 0 0 0 0 1 8540
1254189154 8495 0 4 0 25 1 0 0 0 0 1 8540
1254192749 8495 0 4 0 25 1 0 0 0 0 1 8540
1254196354 8495 0 4 0 25 1 0 0 0 0 1 8540
1254199949 8494 0 5 0 25 1 0 0 0 0 1 8540
1254203547 8494 0 5 0 25 1 0 0 0 0 1 8540
1254207169 8494 0 5 0 25 1 0 0 0 0 1 8540
1254210764 8495 0 12 0 25 1 0 0 0 0 1 8540
1254214399 8495 0 12 0 25 1 0 0 0 0 1 8540
1254217979 8495 0 12 0 25 1 0 0 0 0 1 8540
1254221593 8493 0 14 0 25 1 0 0 0 0 1 8540
1254225175 8491 0 16 0 25 1 0 0 0 0 1 8540
1254228793 8489 0 17 0 25 1 0 0 0 0 1 8541
1254232405 8487 0 19 0 25 1 0 0 0 0 1 8541
1254236031 8487 0 19 0 25 1 0 0 0 0 1 8541
1254239595 8487 0 19 0 25 1 0 0 0 0 1 8541
1254243190 8494 1 11 0 25 1 0 0 0 0 1 8539
1254246800 8501 0 5 0 25 1 0 0 0 0 1 8539
1254250390 8502 0 4 0 25 1 0 0 0 0 1 8539
1254254002 8498 0 8 0 25 1 0 0 0 0 1 8539
1254257591 8498 0 4 4 25 1 0 0 0 0 1 8539
1254261160 8498 0 4 4 25 1 0 0 0 0 1 8539
1254264765 8498 0 4 4 25 1 0 0 0 0 1 8539
1254268349 8495 0 10 0 25 1 0 0 0 0 1 8539
1254271947 8494 0 11 0 25 1 0 0 0 0 1 8539
1254275543 8494 0 11 0 25 1 0 0 0 0 1 8539
1254279143 8494 0 11 0 25 1 0 0 0 0 1 8539
1254282750 8494 0 11 0 25 1 0 0 0 0 1 8539
1254286357 8491 0 13 0 25 1 0 0 0 0 1 8539
1254289945 8491 0 13 0 25 1 0 0 0 0 1 8539
1254293550 8491 0 13 0 25 1 0 0 0 0 1 8539
1254297171 8498 0 8 0 25 1 0 0 0 0 1 8539
1254300756 8498 0 8 0 25 1 0 0 0 0 1 8539
1254304357 8498 0 8 0 25 1 0 0 0 0 1 8539
1254307970 8498 0 8 0 25 1 0 0 0 0 1 8539
1254311561 8498 0 8 0 25 1 0 0 0 0 1 8539
1254315165 8495 0 12 0 25 1 0 0 0 0 1 8540
1254318771 8494 0 13 0 25 1 0 0 0 0 1 8540
1254322375 8494 0 13 0 25 1 0 0 0 0 1 8540
1254325967 8494 0 13 0 25 1 0 0 0 0 1 8540
1254329582 8490 0 18 0 25 1 0 0 0 0 1 8542
1254333196 8499 0 6 3 25 1 0 0 0 0 1 8542
1254336786 8498 0 7 1 25 1 0 0 0 0 1 8542
1254340410 8498 0 8 0 25 1 0 0 0 0 1 8542
1254343979 8497 0 9 0 25 1 0 0 0 0 1 8542
1254347555 8497 0 9 0 25 1 0 0 0 0 1 8542
1254351147 8490 0 12 0 24 1 0 0 0 0 1 8536
1254354744 8483 0 19 0 24 1 0 0 0 0 1 8536
1254358345 8483 0 19 0 24 1 0 0 0 0 1 8536
1254361951 8482 0 20 0 24 1 0 0 0 0 1 8536
1254365544 8482 0 20 0 24 1 0 0 0 0 1 8536
1254369140 8482 0 20 0 24 1 0 0 0 0 1 8536
1254372746 8478 0 24 0 24 1 0 0 0 0 1 8536
1254376360 8478 0 24 0 24 1 0 0 0 0 1 8536
1254384259 8476 0 26 0 24 1 0 0 0 0 1 8536
1254387158 8476 0 26 0 24 1 0 0 0 0 1 8536
1254390762 8476 0 26 0 24 1 0 0 0 0 1 8536
1254394379 8474 0 28 0 24 1 0 0 0 0 1 8536
1254397967 8472 0 30 0 24 1 0 0 0 0 1 8536
1254401573 8469 0 33 0 24 1 0 0 0 0 1 8536
1254405168 8468 0 34 0 24 1 0 0 0 0 1 8536
1254408765 8467 0 35 0 24 1 0 0 0 0 1 8536
1254412410 8467 0 35 0 24 1 0 0 0 0 1 8536
1254415974 8467 0 7 28 24 1 0 0 0 0 1 8536
1254419585 8496 0 8 0 24 1 0 0 0 0 1 8536
1254423206 8495 0 9 0 24 1 0 0 0 0 1 8536
1254426819 8495 0 9 0 24 1 0 0 0 0 1 8536
1254430363 8495 0 9 0 24 1 0 0 0 0 1 8536
1254433949 8495 0 7 2 24 1 0 0 0 0 1 8536
1254437544 8494 0 8 2 24 1 0 0 0 0 1 8536
1254441147 8489 0 15 0 24 1 0 0 0 0 1 8536
1254444747 8488 0 16 0 24 1 0 0 0 0 1 8536
1254448344 8488 0 16 0 24 1 0 0 0 0 1 8536
1254451945 8488 0 16 0 24 1 0 0 0 0 1 8536
1254455539 8488 0 16 0 24 1 0 0 0 0 1 8536
1254459147 8488 0 16 0 24 1 0 0 0 0 1 8536
1254462746 8488 0 16 0 24 1 0 0 0 0 1 8536
1254466368 8488 0 16 0 24 1 0 0 0 0 1 8536
1254469956 8496 0 8 0 24 1 0 0 0 0 1 8536
1254473568 8496 0 8 0 24 1 0 0 0 0 1 8536
1254477181 8496 0 8 0 24 1 0 0 0 0 1 8536
1254480758 8495 0 9 0 24 1 0 0 0 0 1 8536
1254484391 8493 0 11 0 24 1 0 0 0 0 1 8536
1254487999 8494 0 10 0 24 1 0 0 0 0 1 8536
1254491572 8494 0 13 0 24 1 0 0 0 0 1 8539
1254495196 8492 0 7 10 24 1 0 0 0 0 1 8541
1254498762 8492 0 7 10 24 1 0 0 0 0 1 8541
1254502367 8501 0 8 0 24 1 0 0 0 0 1 8541
1254505962 8502 0 7 0 24 1 0 0 0 0 1 8541
