1253638360 7959 3 128 1 23 8 0 0 0 0 0 8271
1253641992 7959 0 131 1 23 8 0 0 0 0 0 8271
1253645584 7955 0 135 1 23 8 0 0 0 0 0 8271
1253649188 7952 0 138 1 23 8 0 0 0 0 0 8271
1253652780 7951 0 139 1 23 8 0 0 0 0 0 8271
1253656346 7951 0 139 1 23 8 0 0 0 0 0 8271
1253659944 7946 0 141 1 23 8 0 0 0 0 0 8268
1253663546 7939 0 147 1 23 8 0 0 0 0 0 8268
1253667145 7938 0 148 1 23 8 0 0 0 0 0 8268
1253670744 7937 0 149 1 23 8 0 0 0 0 0 8268
1253674343 7937 0 149 1 23 8 0 0 0 0 0 8268
1253677946 7937 0 149 1 23 8 0 0 0 0 0 8268
1253681544 7929 0 158 0 23 8 0 0 0 0 0 8268
1253685146 7926 0 160 0 23 8 0 0 0 0 0 8268
1253688748 7923 0 161 0 23 8 0 0 0 0 0 8267
1253692349 7923 0 161 0 23 8 0 0 0 0 0 8267
1253695966 7923 0 161 0 23 8 0 0 0 0 0 8267
1253699557 7923 0 161 0 23 8 0 0 0 0 0 8267
1253703177 7922 0 162 0 23 8 0 0 0 0 0 8267
1253706785 7976 14 102 3 23 8 0 0 0 0 0 8267
1253710374 7979 10 107 0 23 8 0 0 0 0 0 8268
1253713975 7978 8 110 0 23 8 0 0 0 0 0 8268
1253717598 7978 0 117 0 23 8 0 0 0 0 0 8268
1253721191 7978 0 117 0 23 8 0 0 0 0 0 8268
1253724801 7976 0 118 0 23 9 0 0 0 0 0 8266
1253728410 7964 3 133 0 23 9 0 0 0 0 0 8273
1253732017 7960 0 142 0 23 9 0 0 0 0 0 8276
1253735623 7956 0 146 0 23 9 0 0 0 0 0 8276
1253739196 7954 0 148 0 23 9 0 0 0 0 0 8276
1253742747 7954 0 148 0 23 9 0 0 0 0 0 8276
1253746347 7951 0 148 0 23 9 0 0 0 0 0 8277
1253749950 7938 0 148 0 23 9 0 0 0 0 0 8277
1253753544 7938 0 148 0 23 9 0 0 0 0 0 8277
1253757147 7937 0 148 0 23 9 0 0 0 0 0 8277
1253760745 7936 0 148 0 23 9 0 0 0 0 0 8277
1253764341 7936 0 148 0 23 9 0 0 0 0 0 8277
1253767947 7935 0 148 0 23 9 0 0 0 0 0 8277
1253771540 7935 0 147 0 23 9 0 0 0 0 0 8277
1253775161 7933 0 147 0 23 9 0 0 0 0 0 8277
1253778769 7931 0 147 0 23 9 0 0 0 0 0 8277
1253782343 7931 0 147 0 23 9 0 0 0 0 0 8277
1253785953 7931 0 147 0 23 9 0 0 0 0 0 8277
1253789560 7925 0 145 0 23 9 0 0 0 0 0 8277
1253793151 7923 0 144 0 23 9 0 0 0 0 0 8277
1253796760 7921 0 143 0 23 9 0 0 0 0 0 8279
1253800361 7916 0 143 0 23 9 0 0 0 0 0 8279
1253803990 7915 0 143 0 23 9 0 0 0 0 0 8279
1253807570 7915 0 143 0 23 9 0 0 0 0 0 8279
1253811185 7901 0 145 0 23 9 0 0 0 0 0 8280
1253814776 7900 0 146 0 23 9 0 0 0 0 0 8280
1253818392 7895 0 146 0 23 9 0 0 0 0 0 8280
1253821994 7892 0 146 0 23 9 0 0 0 0 0 8280
1253825550 7891 0 95 50 23 9 0 0 0 0 0 8280
1253832746 7891 0 93 52 23 9 0 0 0 0 0 8280
1253836346 7926 66 102 0 23 9 0 0 0 0 0 8280
1253840087 7925 61 107 0 23 9 0 0 0 0 0 8280
1253843541 7922 45 126 0 23 9 0 0 0 0 0 8280
1253847148 7920 37 136 0 23 9 0 0 0 0 0 8280
1253850742 7920 32 101 40 23 9 0 0 0 0 0 8280
1253854350 7920 27 106 40 23 9 0 0 0 0 0 8280
1253857942 7958 29 111 0 23 9 0 0 0 0 0 8280
1253861567 7956 16 126 0 23 9 0 0 0 0 0 8280
1253865151 7955 0 142 0 23 9 0 0 0 0 0 8280
1253868761 7954 0 143 0 23 9 0 0 0 0 0 8280
1253872352 7954 0 143 0 23 9 0 0 0 0 0 8280
1253875958 7949 1 147 0 23 9 0 0 0 0 0 8280
1253879558 7948 0 149 0 23 9 0 0 0 0 0 8280
1253883209 7938 7 152 0 23 9 0 0 0 0 0 8281
1253886793 7935 6 156 0 23 9 0 0 0 0 0 8281
1253890364 7935 1 161 0 23 9 0 0 0 0 0 8281
1253893956 7935 0 162 0 23 9 0 0 0 0 0 8281
1253897565 7934 0 163 0 23 9 0 0 0 0 0 8281
1253901188 7926 0 171 0 23 9 0 0 0 0 0 8281
1253904781 7925 0 172 0 23 9 0 0 0 0 0 8281
1253908356 7919 0 178 0 23 9 0 0 0 0 0 8282
1253911957 7919 0 178 0 23 9 0 0 0 0 0 8282
1253915555 7919 0 177 1 23 9 0 0 0 0 0 8282
1253919145 7907 2 190 0 23 9 0 0 0 0 0 8286
1253922744 7904 0 195 0 23 9 0 0 0 0 0 8286
1253926349 7898 2 196 0 23 9 0 0 0 0 0 8286
1253929943 7898 0 198 0 23 9 0 0 0 0 0 8286
1253933543 7898 0 198 0 23 9 0 0 0 0 0 8286
1253937140 7898 0 198 0 23 9 0 0 0 0 0 8286
1253940745 7893 0 203 0 23 9 0 0 0 0 0 8286
1253944339 7893 0 203 0 23 9 0 0 0 0 0 8286
1253947953 7893 0 203 0 23 9 0 0 0 0 0 8286
1253951551 7893 0 203 0 23 9 0 0 0 0 0 8286
1253955144 7893 0 203 0 23 9 0 0 0 0 0 8286
1253958747 7893 0 203 0 23 9 0 0 0 0 0 8286
1253962357 7889 1 206 0 23 9 0 0 0 0 0 8286
1253965975 7888 0 208 0 23 9 0 0 0 0 0 8286
1253969555 7887 0 209 0 23 9 0 0 0 0 0 8286
1253973154 7884 2 210 0 23 9 0 0 0 0 0 8287
1253976746 7883 0 212 0 23 9 0 0 0 0 0 8287
1253980352 7883 0 97 114 23 9 0 0 0 0 0 8287
1253983946 7882 0 97 114 23 9 0 0 0 0 0 8286
1253987551 7989 0 102 0 23 9 0 0 0 0 0 8287
1253991153 7989 0 103 0 23 9 0 0 0 0 0 8288
1253994743 7994 0 97 0 23 9 0 0 0 0 0 8288
1253998342 7993 0 98 0 23 9 0 0 0 0 0 8288
1254001950 7993 0 98 0 23 9 0 0 0 0 0 8288
1254005543 7994 2 108 0 23 9 0 0 0 0 0 8289
1254009142 7987 10 108 0 23 9 0 0 0 0 0 8290
1254012746 7986 11 108 0 23 9 0 0 0 0 0 8290
1254016343 7985 0 120 0 23 9 0 0 0 0 0 8290
1254019943 7985 0 120 0 23 9 0 0 0 0 0 8290
1254023544 7984 0 121 0 23 9 0 0 0 0 0 8290
1254027145 7984 0 121 0 23 9 0 0 0 0 0 8290
1254030751 7984 0 121 0 23 9 0 0 0 0 0 8290
1254034347 7983 0 122 0 23 9 0 0 0 0 0 8290
1254037951 7976 0 129 0 23 9 0 0 0 0 0 8290
1254041546 7976 0 129 0 23 9 0 0 0 0 0 8290
1254045142 7976 0 129 0 23 9 0 0 0 0 0 8290
1254048757 7976 0 129 0 23 9 0 0 0 0 0 8290
1254052361 7973 0 132 0 23 9 0 0 0 0 0 8290
1254055960 7971 0 133 0 23 9 0 0 0 0 0 8290
1254059547 7968 0 136 0 23 9 0 0 0 0 0 8290
1254063151 7966 0 138 0 23 9 0 0 0 0 0 8290
1254066756 7966 0 138 0 23 9 0 0 0 0 0 8290
1254070343 7964 0 140 0 23 9 0 0 0 0 0 8290
1254073957 7951 5 148 0 23 9 0 0 0 0 0 8290
1254077560 7949 1 153 0 23 9 0 0 0 0 0 8290
1254081152 7947 128 183 0 23 9 0 0 0 0 0 8290
1254084751 7945 0 192 0 23 9 0 0 0 0 0 8290
1254088346 7945 0 192 0 23 9 0 0 0 0 0 8290
1254091950 7938 5 198 0 23 9 0 0 0 0 0 8295
1254095544 7932 0 208 0 23 9 0 0 0 0 0 8295
1254099152 7931 0 209 0 23 9 0 0 0 0 0 8295
1254102750 7931 0 209 0 23 9 0 0 0 0 0 8295
1254106342 7930 0 210 0 23 9 0 0 0 0 0 8295
1254109952 7930 0 210 0 23 9 0 0 0 0 0 8295
1254113544 7927 2 210 0 23 9 0 0 0 0 0 8296
1254117145 7927 2 210 0 23 9 0 0 0 0 0 8297
1254120760 7926 2 211 0 23 9 0 0 0 0 0 8297
1254124358 7926 2 211 0 23 9 0 0 0 0 0 8297
1254127991 7925 2 212 0 23 9 0 0 0 0 0 8297
1254131567 7925 2 211 0 23 9 0 0 0 0 0 8297
1254135176 7922 3 214 0 23 9 0 0 0 0 0 8297
1254138778 7922 2 215 0 23 9 0 0 0 0 0 8297
1254142393 7918 15 215 0 23 9 0 0 0 0 0 8309
1254145968 7915 0 233 0 23 9 0 0 0 0 0 8309
1254149589 7914 0 234 0 23 9 0 0 0 0 0 8309
1254153174 7914 0 234 0 23 9 0 0 0 0 0 8309
1254156767 7912 0 233 0 23 9 0 0 0 0 0 8306
1254160374 7904 0 241 0 23 9 0 0 0 0 0 8308
1254163980 7902 0 243 0 23 9 0 0 0 0 0 8308
1254167573 7900 0 245 0 23 9 0 0 0 0 0 8308
1254171152 7900 0 129 116 23 9 0 0 0 0 0 8308
1254174745 7897 0 129 116 23 9 0 0 0 0 0 8308
1254178360 7896 0 133 116 23 9 0 0 0 0 0 8308
1254181957 7998 0 134 0 23 9 0 0 0 0 0 8308
1254185561 7998 0 134 0 23 9 0 0 0 0 0 8308
1254189154 8002 0 130 0 23 9 0 0 0 0 0 8308
1254192749 8002 0 130 0 23 9 0 0 0 0 0 8308
1254196354 8002 0 130 0 23 9 0 0 0 0 0 8308
1254199950 8000 0 131 0 23 9 0 0 0 0 0 8308
1254203547 7999 0 131 0 23 9 0 0 0 0 0 8308
1254207170 7998 0 131 0 23 9 0 0 0 0 0 8308
1254210764 7997 0 131 0 23 9 0 0 0 0 0 8308
1254214399 7995 0 131 0 23 9 0 0 0 0 0 8308
1254217979 7994 0 131 0 23 9 0 0 0 0 0 8308
1254221593 7990 0 131 0 23 9 0 0 0 0 0 8308
1254225175 7988 0 131 0 23 9 0 0 0 0 0 8308
1254228794 7979 0 131 0 23 9 0 0 0 0 0 8309
1254232405 7976 0 130 0 23 9 0 0 0 0 0 8309
1254236031 7975 0 130 0 23 9 0 0 0 0 0 8309
1254239595 7975 0 130 0 23 9 0 0 0 0 0 8309
1254243191 7965 0 131 0 23 9 0 0 0 0 0 8307
1254246800 7964 0 0 1 23 9 0 0 0 0 0 8307
1254250390 7965 0 1 0 23 9 0 0 0 0 0 8307
1254254002 7956 0 1 0 23 9 0 0 0 0 0 8307
1254257591 7955 0 1 0 23 9 0 0 0 0 0 8307
1254261160 7955 0 1 0 23 9 0 0 0 0 0 8307
1254264765 7954 0 1 0 23 9 0 0 0 0 0 8307
1254268350 7941 0 1 0 23 9 0 0 0 0 0 8307
1254271947 7940 0 1 0 23 9 0 0 0 0 0 8307
1254275544 7938 0 1 0 23 9 0 0 0 0 0 8307
1254279143 7938 0 1 0 23 9 0 0 0 0 0 8307
1254282750 7938 0 1 0 23 9 0 0 0 0 0 8307
1254286358 7933 0 1 0 23 9 0 0 0 0 0 8307
1254289945 7933 0 1 0 23 9 0 0 0 0 0 8307
1254293550 7933 0 1 0 23 9 0 0 0 0 0 8307
1254297171 7931 0 1 0 23 9 0 0 0 0 0 8307
1254300756 7931 0 1 0 23 9 0 0 0 0 0 8307
1254304357 7931 0 1 0 23 9 0 0 0 0 0 8307
1254307970 7931 0 1 0 23 9 0 0 0 0 0 8307
1254311562 7930 0 1 0 23 9 0 0 0 0 0 8307
1254315165 7925 0 1 0 23 9 0 0 0 0 0 8308
1254318771 7923 0 1 0 23 9 0 0 0 0 0 8308
1254322375 7922 0 1 0 23 9 0 0 0 0 0 8308
1254325967 7922 0 1 0 23 9 0 0 0 0 0 8308
1254329582 7910 0 1 0 23 9 0 0 0 0 0 8310
1254333196 7906 0 1 0 23 9 0 0 0 0 0 8310
1254336786 7901 0 1 0 23 9 0 0 0 0 0 8310
1254340410 7898 0 1 0 23 9 0 0 0 0 0 8310
1254343979 7897 0 1 0 23 9 0 0 0 0 0 8310
1254347555 7897 0 1 0 23 9 0 0 0 0 0 8310
1254351147 7889 0 1 0 23 9 0 0 0 0 0 8304
1254354745 7871 0 1 0 23 9 0 0 0 0 0 8304
1254358346 7871 0 1 0 23 9 0 0 0 0 0 8304
1254361951 7869 0 1 0 23 9 0 0 0 0 0 8304
1254365544 7867 0 1 0 23 9 0 0 0 0 0 8304
1254369140 7867 0 1 0 23 9 0 0 0 0 0 8304
1254372746 7862 0 1 0 23 9 0 0 0 0 0 8304
1254376361 7862 0 1 0 23 9 0 0 0 0 0 8304
1254384259 7859 0 1 0 23 9 0 0 0 0 0 8304
1254387158 7859 0 1 0 23 9 0 0 0 0 0 8304
1254390762 7859 0 1 0 23 9 0 0 0 0 0 8304
1254394379 7856 0 1 0 23 9 0 0 0 0 0 8304
1254397967 7852 0 2 0 23 9 0 0 0 0 0 8304
1254401573 7845 0 2 0 23 9 0 0 0 0 0 8304
1254405168 7845 0 2 0 23 9 0 0 0 0 0 8304
1254408765 7844 0 2 0 23 9 0 0 0 0 0 8304
1254412411 7844 0 2 0 23 9 0 0 0 0 0 8304
1254415975 7843 0 2 0 23 9 0 0 0 0 0 8304
1254419586 7842 0 2 0 23 9 0 0 0 0 0 8304
1254423206 7839 0 2 0 23 9 0 0 0 0 0 8304
1254426819 7839 0 2 0 23 9 0 0 0 0 0 8304
1254430363 7839 0 2 0 23 9 0 0 0 0 0 8304
1254433949 7839 0 2 0 23 9 0 0 0 0 0 8304
1254437544 7837 0 2 0 23 9 0 0 0 0 0 8304
1254441147 7827 0 2 0 22 9 0 0 0 0 0 8304
1254444747 7827 0 2 0 22 9 0 0 0 0 0 8304
1254448345 7825 0 2 0 22 9 0 0 0 0 0 8304
1254451946 7825 0 2 0 22 9 0 0 0 0 0 8304
1254455539 7825 0 2 0 22 9 0 0 0 0 0 8304
1254459147 7824 0 2 0 22 9 0 0 0 0 0 8304
1254462746 7824 0 2 0 22 9 0 0 0 0 0 8304
1254466368 7824 0 2 0 22 9 0 0 0 0 0 8304
1254469957 7823 0 2 0 22 9 0 0 0 0 0 8304
1254473568 7823 0 2 0 22 9 0 0 0 0 0 8304
1254477181 7823 0 2 0 22 9 0 0 0 0 0 8304
1254480758 7822 0 2 0 22 9 0 0 0 0 0 8304
1254484391 7821 0 2 0 22 9 0 0 0 0 0 8304
1254487999 7817 0 2 0 22 9 0 0 0 0 0 8304
1254491572 7814 0 2 0 22 9 0 0 0 0 0 8307
1254495196 7813 0 2 0 22 9 0 0 0 0 0 8309
1254498762 7813 0 2 0 22 9 0 0 0 0 0 8309
1254502367 7812 0 2 0 22 9 0 0 0 0 0 8309
1254505962 7809 0 2 0 22 9 0 0 0 0 0 8309
