1253638360 6659 2 423 0 540 2 0 0 0 0 5 8207
1253641992 6658 0 426 0 540 2 0 0 0 0 5 8207
1253645584 6655 1 428 0 540 2 0 0 0 0 5 8207
1253649188 6652 1 431 0 540 2 0 0 0 0 5 8207
1253652780 6652 1 431 0 540 2 0 0 0 0 5 8207
1253656346 6652 1 431 0 540 2 0 0 0 0 5 8207
1253659944 6647 1 433 0 540 2 0 0 0 0 5 8204
1253663546 6640 1 439 0 540 2 0 0 0 0 5 8204
1253667145 6639 1 440 0 540 2 0 0 0 0 5 8204
1253670744 6638 1 441 0 540 2 0 0 0 0 5 8204
1253674343 6638 0 442 0 540 2 0 0 0 0 5 8204
1253677946 6638 0 442 0 540 2 0 0 0 0 5 8204
1253681544 6633 0 448 0 539 2 0 0 0 0 5 8204
1253685146 6629 0 451 0 539 2 0 0 0 0 5 8204
1253688748 6626 0 452 0 539 2 0 0 0 0 5 8203
1253692349 6626 0 452 0 539 2 0 0 0 0 5 8203
1253695966 6626 0 401 51 539 2 0 0 0 0 5 8203
1253699558 6626 0 401 51 539 2 0 0 0 0 5 8203
1253703177 6665 1 404 11 539 2 0 0 0 0 5 8203
1253706786 6663 9 409 0 539 2 0 0 0 0 5 8203
1253710375 6663 0 419 0 539 2 0 0 0 0 5 8204
1253713975 6680 1 401 0 539 2 0 0 0 0 5 8204
1253717598 6680 0 402 0 539 2 0 0 0 0 5 8204
1253721192 6680 0 402 0 539 2 0 0 0 0 5 8204
1253724802 6677 0 403 0 539 3 0 0 0 0 5 8202
1253728410 6665 15 406 0 539 3 0 0 0 0 5 8209
1253732017 6662 4 424 0 538 3 0 0 0 0 5 8212
1253735624 6657 0 433 0 538 3 0 0 0 0 5 8212
1253739196 6655 0 435 0 538 3 0 0 0 0 5 8212
1253742747 6655 0 435 0 538 3 0 0 0 0 5 8212
1253746348 6655 0 435 0 538 3 0 0 0 0 5 8213
1253749950 6644 0 434 0 537 3 0 0 0 0 5 8213
1253753544 6644 0 434 0 537 3 0 0 0 0 5 8213
1253757147 6644 0 433 0 537 3 0 0 0 0 5 8213
1253760746 6643 0 433 0 537 3 0 0 0 0 5 8213
1253764341 6643 0 433 0 537 3 0 0 0 0 5 8213
1253767948 6642 0 433 0 537 3 0 0 0 0 5 8213
1253771541 6642 0 433 0 537 3 0 0 0 0 5 8213
1253775161 6641 0 432 0 537 3 0 0 0 0 5 8213
1253778770 6639 0 432 0 537 3 0 0 0 0 5 8213
1253782343 6639 0 432 0 537 3 0 0 0 0 5 8213
1253785953 6639 0 432 0 537 3 0 0 0 0 5 8213
1253789560 6634 0 431 0 536 3 0 0 0 0 5 8213
1253793151 6631 0 430 0 536 3 0 0 0 0 5 8213
1253796761 6629 0 429 0 536 3 0 0 0 0 5 8215
1253800361 6624 0 429 0 536 3 0 0 0 0 5 8215
1253803990 6623 0 429 0 536 3 0 0 0 0 5 8215
1253807571 6623 0 429 0 536 3 0 0 0 0 5 8215
1253811185 6637 1 403 0 536 3 0 0 0 0 5 8216
1253814777 6636 0 405 0 536 3 0 0 0 0 5 8216
1253818392 6631 0 405 0 536 3 0 0 0 0 5 8216
1253821995 6629 0 404 0 536 3 0 0 0 0 5 8216
1253825550 6627 0 401 3 536 3 0 0 0 0 5 8216
1253832747 6627 0 401 3 536 3 0 0 0 0 5 8216
1253836346 6613 60 410 0 535 3 0 0 0 0 5 8216
1253840087 6612 39 431 0 535 3 0 0 0 0 5 8216
1253843542 6609 36 437 0 535 3 0 0 0 0 5 8216
1253847148 6608 35 439 0 535 3 0 0 0 0 5 8216
1253850742 6608 26 448 0 535 3 0 0 0 0 5 8216
1253854350 6608 8 466 0 535 3 0 0 0 0 5 8216
1253857942 6606 11 465 0 535 3 0 0 0 0 5 8216
1253861567 6604 4 474 0 535 3 0 0 0 0 5 8216
1253865151 6603 4 474 0 535 3 0 0 0 0 5 8216
1253868762 6602 0 479 0 535 3 0 0 0 0 5 8216
1253872352 6602 0 479 0 535 3 0 0 0 0 5 8216
1253875959 6601 0 483 0 534 3 0 0 0 0 5 8216
1253879558 6601 0 484 0 534 3 0 0 0 0 5 8216
1253883209 6594 5 487 0 532 3 0 0 0 0 5 8217
1253886793 6616 9 410 51 532 3 0 0 0 0 5 8217
1253890365 6667 18 410 0 532 3 0 0 0 0 5 8217
1253893956 6667 18 410 0 532 3 0 0 0 0 5 8217
1253897565 6666 19 410 0 532 3 0 0 0 0 5 8217
1253901188 6660 27 410 0 530 3 0 0 0 0 5 8217
1253904781 6659 28 410 0 530 3 0 0 0 0 5 8217
1253908356 6655 35 408 1 528 3 0 0 0 0 5 8218
1253911957 6656 43 403 5 528 3 0 0 0 0 5 8218
1253915555 6656 43 403 5 528 3 0 0 0 0 5 8218
1253919146 6649 58 402 0 528 3 0 0 0 0 5 8222
1253922744 6648 60 402 0 527 3 0 0 0 0 5 8222
1253926349 6644 52 402 0 527 3 0 0 0 0 5 8222
1253929943 6642 54 402 0 527 3 0 0 0 0 5 8222
1253933543 6642 54 402 0 527 3 0 0 0 0 5 8222
1253937140 6642 54 402 0 527 3 0 0 0 0 5 8222
1253940746 6637 59 402 0 527 3 0 0 0 0 5 8222
1253944339 6637 59 402 0 527 3 0 0 0 0 5 8222
1253947953 6637 59 402 0 527 3 0 0 0 0 5 8222
1253951551 6637 59 402 0 527 3 0 0 0 0 5 8222
1253955144 6637 59 402 0 527 3 0 0 0 0 5 8222
1253958748 6637 59 402 0 527 3 0 0 0 0 5 8222
1253962358 6634 62 402 0 527 3 0 0 0 0 5 8222
1253965976 6632 64 402 0 527 3 0 0 0 0 5 8222
1253969555 6631 65 402 0 527 3 0 0 0 0 5 8222
1253973155 6628 68 402 0 527 3 0 0 0 0 5 8223
1253976746 6627 68 402 0 527 3 0 0 0 0 5 8223
1253980352 6627 68 401 0 527 3 0 0 0 0 5 8223
1253983946 6626 44 401 0 527 3 0 0 0 0 5 8222
1253987551 6621 50 400 0 527 3 0 0 0 0 5 8223
1253991154 6621 51 400 0 527 3 0 0 0 0 5 8224
1253994743 6621 51 400 0 527 3 0 0 0 0 5 8225
1253998342 6621 52 400 0 526 3 0 0 0 0 5 8225
1254001950 6621 52 400 0 526 3 0 0 0 0 5 8225
1254005543 6622 78 400 0 526 3 0 0 0 0 5 8226
1254009143 6619 83 399 0 526 3 0 0 0 0 5 8227
1254012746 6618 84 399 0 526 3 0 0 0 0 5 8227
1254016344 6617 85 399 0 526 3 0 0 0 0 5 8227
1254019943 6617 85 399 0 526 3 0 0 0 0 5 8227
1254023544 6617 86 398 0 526 3 0 0 0 0 5 8227
1254027145 6617 86 398 0 526 3 0 0 0 0 5 8227
1254030752 6617 86 398 0 526 3 0 0 0 0 5 8227
1254034347 6617 86 398 0 526 3 0 0 0 0 5 8227
1254037951 6612 91 398 0 526 3 0 0 0 0 5 8227
1254041547 6612 88 401 0 526 3 0 0 0 0 5 8227
1254045142 6612 82 407 0 526 3 0 0 0 0 5 8227
1254048757 6612 82 407 0 526 3 0 0 0 0 5 8227
1254052361 6617 74 411 0 526 3 0 0 0 0 5 8227
1254055960 6615 76 399 12 526 3 0 0 0 0 5 8227
1254059548 6625 80 409 0 526 3 0 0 0 0 5 8227
1254063151 6623 70 420 0 526 3 0 0 0 0 5 8227
1254066757 6623 67 423 0 526 3 0 0 0 0 5 8227
1254070344 6621 70 423 0 526 3 0 0 0 0 5 8227
1254073957 6611 80 400 25 524 3 0 0 0 0 5 8227
1254077560 6635 78 405 0 523 3 0 0 0 0 5 8227
1254081152 6633 67 419 0 523 3 0 0 0 0 5 8227
1254084751 6631 54 433 0 523 3 0 0 0 0 5 8227
1254088346 6631 42 445 0 523 3 0 0 0 0 5 8227
1254091950 6626 41 453 0 523 3 0 0 0 0 5 8232
1254095545 6622 44 456 0 522 3 0 0 0 0 5 8232
1254099152 6622 45 455 0 522 3 0 0 0 0 5 8232
1254102750 6622 39 461 0 522 3 0 0 0 0 5 8232
1254106342 6622 15 485 0 522 3 0 0 0 0 5 8232
1254109952 6622 1 499 0 522 3 0 0 0 0 5 8232
1254113544 6621 0 502 0 521 3 0 0 0 0 5 8233
1254117146 6621 0 502 0 521 3 0 0 0 0 5 8234
1254120760 6620 0 503 0 521 3 0 0 0 0 5 8234
1254124358 6620 0 503 0 521 3 0 0 0 0 5 8234
1254127991 6619 0 504 0 521 3 0 0 0 0 5 8234
1254131567 6619 0 504 0 521 3 0 0 0 0 5 8234
1254135176 6616 1 506 0 521 3 0 0 0 0 5 8234
1254138778 6678 2 426 24 521 3 0 0 0 0 5 8233
1254142393 6699 4 434 0 521 3 0 0 0 0 5 8245
1254145969 6697 1 440 0 520 3 0 0 0 0 5 8245
1254149590 6696 0 442 0 520 3 0 0 0 0 5 8245
1254153174 6696 0 423 19 520 3 0 0 0 0 5 8245
1254156768 6694 0 423 19 520 3 0 0 0 0 5 8242
1254160375 6706 3 430 0 520 3 0 0 0 0 5 8244
1254163980 6705 0 424 10 520 3 0 0 0 0 5 8244
1254167573 6713 0 426 0 520 3 0 0 0 0 5 8244
1254171153 6713 0 426 0 520 3 0 0 0 0 5 8244
1254174745 6711 0 426 0 520 3 0 0 0 0 5 8244
1254178361 6711 0 425 4 519 3 0 0 0 0 5 8244
1254181958 6705 0 424 0 518 3 0 0 0 0 5 8244
1254185561 6705 0 424 0 518 3 0 0 0 0 5 8244
1254189155 6705 0 424 0 518 3 0 0 0 0 5 8244
1254192750 6705 0 424 0 518 3 0 0 0 0 5 8244
1254196354 6705 0 424 0 518 3 0 0 0 0 5 8244
1254199950 6705 0 424 0 518 3 0 0 0 0 5 8244
1254203548 6702 0 425 0 518 3 0 0 0 0 5 8244
1254207170 6702 0 424 0 518 3 0 0 0 0 5 8244
1254210764 6701 0 424 0 518 3 0 0 0 0 5 8244
1254214400 6700 0 424 0 518 3 0 0 0 0 5 8244
1254217979 6700 0 424 0 518 3 0 0 0 0 5 8244
1254221594 6695 0 424 0 518 3 0 0 0 0 5 8244
1254225175 6693 0 424 0 517 3 0 0 0 0 5 8244
1254228794 6685 0 424 0 517 3 0 0 0 0 5 8245
1254232405 6680 0 424 0 517 3 0 0 0 0 5 8245
1254236032 6679 0 424 0 517 3 0 0 0 0 5 8245
1254239596 6679 0 422 2 517 3 0 0 0 0 5 8245
1254243191 6675 42 422 0 517 3 0 0 0 0 5 8243
1254246800 6674 40 425 0 517 3 0 0 0 0 5 8243
1254250390 6674 40 422 3 517 3 0 0 0 0 5 8243
1254254002 6671 42 426 0 516 3 0 0 0 0 5 8243
1254257591 6671 43 426 0 515 3 0 0 0 0 5 8243
1254261160 6671 43 426 0 515 3 0 0 0 0 5 8243
1254264765 6670 40 429 0 515 3 0 0 0 0 5 8243
1254268350 6661 46 429 0 513 3 0 0 0 0 5 8243
1254271947 6660 47 429 0 513 3 0 0 0 0 5 8243
1254275544 6658 46 432 0 513 3 0 0 0 0 5 8243
1254279143 6658 46 432 0 513 3 0 0 0 0 5 8243
1254282750 6658 43 435 0 513 3 0 0 0 0 5 8243
1254286358 6656 46 435 0 511 3 0 0 0 0 5 8243
1254289945 6656 46 435 0 511 3 0 0 0 0 5 8243
1254293550 6656 46 435 0 511 3 0 0 0 0 5 8243
1254297171 6654 49 434 0 511 3 0 0 0 0 5 8243
1254300756 6654 49 434 0 511 3 0 0 0 0 5 8243
1254304357 6654 49 434 0 511 3 0 0 0 0 5 8243
1254307971 6654 49 434 0 511 3 0 0 0 0 5 8243
1254311562 6653 47 437 0 511 3 0 0 0 0 5 8243
1254315165 6650 51 437 0 510 3 0 0 0 0 5 8244
1254318771 6649 53 437 0 509 3 0 0 0 0 5 8244
1254322375 6649 50 420 20 509 3 0 0 0 0 5 8244
1254325967 6649 50 419 21 509 3 0 0 0 0 5 8244
1254329583 6659 64 422 0 509 3 0 0 0 0 5 8246
1254333197 6655 65 425 0 509 3 0 0 0 0 5 8246
1254336786 6651 66 426 0 509 3 0 0 0 0 5 8246
1254340410 6648 66 427 0 509 3 0 0 0 0 5 8246
1254343979 6647 64 429 0 509 3 0 0 0 0 5 8246
1254347555 6647 61 432 0 509 3 0 0 0 0 5 8246
1254351147 6641 64 432 0 508 3 0 0 0 0 5 8240
1254354745 6646 75 416 0 506 3 0 0 0 0 5 8240
1254358346 6646 72 419 0 506 3 0 0 0 0 5 8240
1254361951 6645 74 418 0 506 3 0 0 0 0 5 8240
1254365544 6643 73 418 0 506 3 0 0 0 0 5 8240
1254369140 6643 70 421 0 506 3 0 0 0 0 5 8240
1254372747 6638 74 424 0 506 3 0 0 0 0 5 8240
1254376361 6638 74 424 0 506 3 0 0 0 0 5 8240
1254384259 6636 71 430 0 505 3 0 0 0 0 5 8240
1254387159 6636 68 433 0 505 3 0 0 0 0 5 8240
1254390762 6636 65 436 0 505 3 0 0 0 0 5 8240
1254394379 6635 66 436 0 505 3 0 0 0 0 5 8240
1254397967 6631 70 436 0 505 3 0 0 0 0 5 8240
1254401573 6625 76 436 0 504 3 0 0 0 0 5 8240
1254405168 6640 82 416 4 504 3 0 0 0 0 5 8240
1254408765 6643 82 416 0 504 3 0 0 0 0 5 8240
1254412411 6643 79 419 0 504 3 0 0 0 0 5 8240
1254415975 6642 79 420 0 504 3 0 0 0 0 5 8240
1254419586 6641 78 422 0 504 3 0 0 0 0 5 8240
1254423206 6643 78 420 0 504 3 0 0 0 0 5 8240
1254426819 6648 72 418 3 504 3 0 0 0 0 5 8240
1254430363 6651 72 416 2 504 3 0 0 0 0 5 8240
1254433949 6651 72 416 2 504 3 0 0 0 0 5 8240
1254437544 6650 71 415 3 505 3 0 0 0 0 5 8240
1254441147 6645 83 413 0 504 3 0 0 0 0 5 8240
1254444748 6645 83 413 0 504 3 0 0 0 0 5 8240
1254448345 6644 80 416 0 504 3 0 0 0 0 5 8240
1254451946 6644 74 422 0 504 3 0 0 0 0 5 8240
1254455540 6644 74 422 0 504 3 0 0 0 0 5 8240
1254459148 6644 74 422 0 504 3 0 0 0 0 5 8240
1254462747 6644 71 425 0 504 3 0 0 0 0 5 8240
1254466369 6644 71 425 0 504 3 0 0 0 0 5 8240
1254469957 6643 69 428 0 504 3 0 0 0 0 5 8240
1254473569 6643 69 428 0 504 3 0 0 0 0 5 8240
1254477182 6643 69 428 0 504 3 0 0 0 0 5 8240
1254480758 6659 74 411 0 504 3 0 0 0 0 5 8240
1254484391 6658 72 414 0 504 3 0 0 0 0 5 8240
1254487999 6655 75 414 0 504 3 0 0 0 0 5 8240
1254491572 6653 82 413 0 504 3 0 0 0 0 5 8243
1254495196 6651 86 413 0 504 3 0 0 0 0 5 8245
1254498763 6651 83 416 0 504 3 0 0 0 0 5 8245
1254502367 6650 84 416 0 504 3 0 0 0 0 5 8245
1254505962 6650 87 415 0 502 3 0 0 0 0 5 8245
