1253638360 6500 1 96 0 864 2 0 0 0 0 4 8194
1253641992 6498 0 99 0 864 2 0 0 0 0 4 8194
1253645584 6495 0 102 0 864 2 0 0 0 0 4 8194
1253649188 6492 1 104 0 864 2 0 0 0 0 4 8194
1253652780 6492 1 104 0 864 2 0 0 0 0 4 8194
1253656346 6492 1 104 0 864 2 0 0 0 0 4 8194
1253659944 6488 1 105 0 864 2 0 0 0 0 4 8191
1253663546 6481 1 111 0 864 2 0 0 0 0 4 8191
1253667145 6480 1 112 0 864 2 0 0 0 0 4 8191
1253670744 6479 1 113 0 864 2 0 0 0 0 4 8191
1253674343 6479 1 113 0 864 2 0 0 0 0 4 8191
1253677946 6479 1 113 0 864 2 0 0 0 0 4 8191
1253681544 6473 0 120 0 864 2 0 0 0 0 4 8191
1253685146 6469 0 124 0 863 2 0 0 0 0 4 8191
1253688748 6466 0 125 0 863 2 0 0 0 0 4 8190
1253692349 6466 0 125 0 863 2 0 0 0 0 4 8190
1253695966 6466 0 76 49 863 2 0 0 0 0 4 8190
1253699558 6466 0 76 49 863 2 0 0 0 0 4 8190
1253703177 6514 2 79 0 863 2 0 0 0 0 4 8190
1253706785 6501 9 85 0 862 2 0 0 0 0 4 8190
1253710374 6501 1 94 0 862 2 0 0 0 0 4 8191
1253713975 6518 1 78 0 862 2 0 0 0 0 4 8191
1253717598 6518 0 79 0 862 2 0 0 0 0 4 8191
1253721192 6518 0 79 0 862 2 0 0 0 0 4 8191
1253724802 6516 0 79 0 862 3 0 0 0 0 4 8189
1253728410 6505 14 82 0 862 3 0 0 0 0 4 8196
1253732017 6502 5 97 0 861 3 0 0 0 0 4 8199
1253735623 6498 0 106 0 861 3 0 0 0 0 4 8199
1253739196 6496 0 108 0 861 3 0 0 0 0 4 8199
1253742747 6496 0 108 0 861 3 0 0 0 0 4 8199
1253746347 6496 0 108 0 861 3 0 0 0 0 4 8200
1253749950 6485 0 107 0 860 3 0 0 0 0 4 8200
1253753544 6485 0 107 0 860 3 0 0 0 0 4 8200
1253757147 6485 0 106 0 860 3 0 0 0 0 4 8200
1253760745 6484 0 106 0 860 3 0 0 0 0 4 8200
1253764341 6484 0 106 0 860 3 0 0 0 0 4 8200
1253767948 6483 0 106 0 860 3 0 0 0 0 4 8200
1253771540 6483 0 106 0 860 3 0 0 0 0 4 8200
1253775161 6482 0 106 0 860 3 0 0 0 0 4 8200
1253778770 6480 0 106 0 860 3 0 0 0 0 4 8200
1253782343 6480 0 106 0 860 3 0 0 0 0 4 8200
1253785953 6480 0 106 0 860 3 0 0 0 0 4 8200
1253789560 6475 0 105 0 859 3 0 0 0 0 4 8200
1253793151 6473 0 104 0 859 3 0 0 0 0 4 8200
1253796760 6471 0 103 0 859 3 0 0 0 0 4 8202
1253800361 6466 0 103 0 859 3 0 0 0 0 4 8202
1253803990 6465 0 103 0 859 3 0 0 0 0 4 8202
1253807570 6465 0 103 0 859 3 0 0 0 0 4 8202
1253811185 6477 1 79 0 859 3 0 0 0 0 4 8203
1253814776 6476 0 81 0 859 3 0 0 0 0 4 8203
1253818392 6471 0 81 0 859 3 0 0 0 0 4 8203
1253821995 6469 0 81 0 858 3 0 0 0 0 4 8203
1253825550 6467 0 78 3 858 3 0 0 0 0 4 8203
1253832747 6467 0 78 3 858 3 0 0 0 0 4 8203
1253836346 6453 59 87 0 857 3 0 0 0 0 4 8203
1253840087 6452 41 105 0 857 3 0 0 0 0 4 8203
1253843541 6449 32 117 0 857 3 0 0 0 0 4 8203
1253847148 6448 25 125 0 856 3 0 0 0 0 4 8203
1253850742 6448 10 140 0 856 3 0 0 0 0 4 8203
1253854350 6448 8 143 0 856 3 0 0 0 0 4 8203
1253857942 6446 5 149 0 855 3 0 0 0 0 4 8203
1253861567 6444 2 154 0 855 3 0 0 0 0 4 8203
1253865151 6443 2 154 0 855 3 0 0 0 0 4 8203
1253868761 6442 2 155 0 855 3 0 0 0 0 4 8203
1253872352 6442 2 155 0 855 3 0 0 0 0 4 8203
1253875959 6441 1 161 0 853 3 0 0 0 0 4 8203
1253879558 6441 1 162 0 853 3 0 0 0 0 4 8203
1253883209 6434 1 170 0 851 3 0 0 0 0 4 8204
1253886793 6450 1 94 60 851 3 0 0 0 0 4 8204
1253890364 6510 1 92 9 851 3 0 0 0 0 4 8204
1253893956 6510 0 92 10 851 3 0 0 0 0 4 8204
1253897565 6510 0 93 9 851 3 0 0 0 0 4 8204
1253901188 6513 1 102 0 849 3 0 0 0 0 4 8204
1253904781 6512 0 104 0 849 3 0 0 0 0 4 8204
1253908356 6508 3 106 1 847 3 0 0 0 0 4 8205
1253911957 6509 0 111 6 847 3 0 0 0 0 4 8205
1253915555 6509 0 111 6 847 3 0 0 0 0 4 8205
1253919145 6502 12 116 0 846 1 0 0 0 0 4 8209
1253922744 6500 6 125 0 845 1 0 0 0 0 4 8209
1253926349 6496 1 130 0 845 1 0 0 0 0 4 8209
1253929943 6494 1 132 0 845 1 0 0 0 0 4 8209
1253933543 6494 1 132 0 845 1 0 0 0 0 4 8209
1253937140 6494 1 132 0 845 1 0 0 0 0 4 8209
1253940746 6489 2 136 0 845 1 0 0 0 0 4 8209
1253944339 6489 1 137 0 845 1 0 0 0 0 4 8209
1253947953 6489 1 137 0 845 1 0 0 0 0 4 8209
1253951551 6489 1 137 0 845 1 0 0 0 0 4 8209
1253955144 6489 0 138 0 845 1 0 0 0 0 4 8209
1253958748 6489 0 138 0 845 1 0 0 0 0 4 8209
1253962358 6486 1 140 0 845 1 0 0 0 0 4 8209
1253965975 6484 0 143 0 845 1 0 0 0 0 4 8209
1253969555 6483 0 144 0 845 1 0 0 0 0 4 8209
1253973155 6480 2 145 0 845 1 0 0 0 0 4 8210
1253976746 6479 0 147 0 845 1 0 0 0 0 4 8210
1253980352 6479 0 146 0 845 1 0 0 0 0 4 8210
1253983946 6478 0 146 0 845 1 0 0 0 0 4 8209
1253987551 6473 1 150 0 845 1 0 0 0 0 4 8210
1253991154 6531 0 96 0 845 1 0 0 0 0 4 8211
1253994743 6531 0 96 0 845 1 0 0 0 0 4 8212
1253998342 6531 0 93 4 844 1 0 0 0 0 4 8212
1254001950 6531 0 93 4 844 1 0 0 0 0 4 8212
1254005543 6535 6 96 0 844 1 0 0 0 0 4 8212
1254009143 6532 9 97 0 844 1 0 0 0 0 4 8213
1254012746 6531 0 107 0 844 1 0 0 0 0 4 8213
1254016344 6530 0 108 0 844 1 0 0 0 0 4 8213
1254019943 6530 0 108 0 844 1 0 0 0 0 4 8213
1254023544 6530 0 108 0 844 1 0 0 0 0 4 8213
1254027145 6530 0 108 0 844 1 0 0 0 0 4 8213
1254030751 6530 0 108 0 844 1 0 0 0 0 4 8213
1254034347 6530 0 108 0 844 1 0 0 0 0 4 8213
1254037951 6524 0 114 0 844 1 0 0 0 0 4 8213
1254041546 6524 0 114 0 844 1 0 0 0 0 4 8213
1254045142 6524 0 114 0 844 1 0 0 0 0 4 8213
1254048757 6524 0 114 0 844 1 0 0 0 0 4 8213
1254052361 6541 0 98 0 844 1 0 0 0 0 4 8213
1254055960 6539 0 95 5 844 1 0 0 0 0 4 8213
1254059548 6541 1 97 0 844 1 0 0 0 0 4 8213
1254063151 6539 0 100 0 844 1 0 0 0 0 4 8213
1254066756 6539 0 100 0 844 1 0 0 0 0 4 8213
1254070344 6537 0 102 0 844 1 0 0 0 0 4 8213
1254073957 6534 12 95 0 842 1 0 0 0 0 4 8213
1254077560 6533 4 104 0 841 1 0 0 0 0 4 8213
1254081152 6531 3 109 0 841 1 0 0 0 0 4 8213
1254084751 6529 0 114 0 841 1 0 0 0 0 4 8213
1254088346 6529 0 114 0 841 1 0 0 0 0 4 8213
1254091950 6524 5 116 0 840 1 0 0 0 0 4 8218
1254095545 6520 10 116 0 839 1 0 0 0 0 4 8218
1254099152 6520 8 118 0 839 1 0 0 0 0 4 8218
1254102750 6520 0 126 0 839 1 0 0 0 0 4 8218
1254106342 6520 0 126 0 839 1 0 0 0 0 4 8218
1254109952 6520 0 126 0 839 1 0 0 0 0 4 8218
1254113544 6519 0 129 0 838 1 0 0 0 0 4 8219
1254117146 6519 0 129 0 838 1 0 0 0 0 4 8220
1254120760 6518 0 130 0 838 1 0 0 0 0 4 8220
1254124358 6518 0 130 0 838 1 0 0 0 0 4 8220
1254127991 6517 0 131 0 838 1 0 0 0 0 4 8220
1254131567 6517 0 131 0 838 1 0 0 0 0 4 8220
1254135176 6514 0 134 0 838 1 0 0 0 0 4 8220
1254138778 6543 0 107 0 838 1 0 0 0 0 4 8220
1254142393 6540 1 116 0 838 1 0 0 0 0 4 8232
1254145969 6538 0 120 0 837 1 0 0 0 0 4 8232
1254149590 6537 0 121 0 837 1 0 0 0 0 4 8232
1254153174 6537 0 108 13 837 1 0 0 0 0 4 8232
1254156768 6535 0 108 13 837 1 0 0 0 0 4 8229
1254160374 6541 3 115 0 837 1 0 0 0 0 4 8231
1254163980 6540 0 109 10 837 1 0 0 0 0 4 8231
1254167573 6548 0 111 0 837 1 0 0 0 0 4 8231
1254171153 6548 0 111 0 837 1 0 0 0 0 4 8231
1254174745 6546 0 111 0 837 1 0 0 0 0 4 8231
1254178360 6546 0 110 4 836 1 0 0 0 0 4 8231
1254181957 6540 0 109 0 835 1 0 0 0 0 4 8231
1254185561 6540 0 109 0 835 1 0 0 0 0 4 8231
1254189154 6540 0 109 0 835 1 0 0 0 0 4 8231
1254192750 6540 0 109 0 835 1 0 0 0 0 4 8231
1254196354 6540 0 109 0 835 1 0 0 0 0 4 8231
1254199950 6538 1 109 0 835 1 0 0 0 0 4 8231
1254203547 6537 0 110 0 835 1 0 0 0 0 4 8231
1254207170 6537 0 110 0 834 1 0 0 0 0 4 8231
1254210764 6536 0 110 0 834 1 0 0 0 0 4 8231
1254214400 6535 0 110 0 834 1 0 0 0 0 4 8231
1254217979 6535 0 110 0 834 1 0 0 0 0 4 8231
1254221593 6530 0 110 0 834 1 0 0 0 0 4 8231
1254225175 6528 0 110 0 833 1 0 0 0 0 4 8231
1254228794 6520 0 110 0 833 1 0 0 0 0 4 8232
1254232405 6515 0 110 0 833 1 0 0 0 0 4 8232
1254236032 6514 0 110 0 833 1 0 0 0 0 4 8232
1254239595 6514 0 108 2 833 1 0 0 0 0 4 8232
1254243191 6508 43 109 0 833 1 0 0 0 0 4 8230
1254246800 6507 38 115 0 833 1 0 0 0 0 4 8230
1254250390 6507 26 111 16 833 1 0 0 0 0 4 8230
1254254002 6517 22 122 0 831 1 0 0 0 0 4 8230
1254257591 6517 8 135 0 830 1 0 0 0 0 4 8230
1254261160 6517 0 142 0 830 1 0 0 0 0 4 8230
1254264765 6516 3 143 0 830 1 0 0 0 0 4 8230
1254268350 6507 10 146 0 828 1 0 0 0 0 4 8230
1254271947 6506 5 152 0 828 1 0 0 0 0 4 8230
1254275544 6504 3 156 0 828 1 0 0 0 0 4 8230
1254279143 6504 3 156 0 828 1 0 0 0 0 4 8230
1254282750 6504 3 156 0 828 1 0 0 0 0 4 8230
1254286358 6502 6 156 0 826 1 0 0 0 0 4 8230
1254289945 6502 6 156 0 826 1 0 0 0 0 4 8230
1254293550 6502 6 156 0 826 1 0 0 0 0 4 8230
1254297171 6500 9 155 0 826 1 0 0 0 0 4 8230
1254300756 6500 9 155 0 826 1 0 0 0 0 4 8230
1254304357 6500 9 155 0 826 1 0 0 0 0 4 8230
1254307971 6500 9 155 0 826 1 0 0 0 0 4 8230
1254311562 6499 10 155 0 826 1 0 0 0 0 4 8230
1254315165 6495 15 154 0 826 1 0 0 0 0 4 8231
1254318771 6494 11 160 0 825 1 0 0 0 0 4 8231
1254322375 6494 0 119 49 825 1 0 0 0 0 4 8231
1254325967 6494 3 118 50 825 1 0 0 0 0 4 8231
1254329583 6533 15 124 0 825 1 0 0 0 0 4 8233
1254333196 6529 4 139 0 825 1 0 0 0 0 4 8233
1254336786 6525 3 142 0 825 1 0 0 0 0 4 8233
1254340410 6522 5 143 0 825 1 0 0 0 0 4 8233
1254343979 6521 3 146 0 825 1 0 0 0 0 4 8233
1254347555 6521 3 146 0 825 1 0 0 0 0 4 8233
1254351147 6515 1 151 0 823 1 0 0 0 0 4 8227
1254354745 6534 9 129 0 819 1 0 0 0 0 4 8227
1254358346 6534 5 133 0 819 1 0 0 0 0 4 8227
1254361951 6533 7 133 0 818 1 0 0 0 0 4 8227
1254365544 6531 0 137 0 818 1 0 0 0 0 4 8227
1254369140 6531 0 137 0 818 1 0 0 0 0 4 8227
1254372747 6526 9 138 0 818 1 0 0 0 0 4 8227
1254376361 6526 5 142 0 818 1 0 0 0 0 4 8227
1254384259 6524 5 145 0 817 1 0 0 0 0 4 8227
1254387159 6524 5 145 0 817 1 0 0 0 0 4 8227
1254390762 6524 5 145 0 817 1 0 0 0 0 4 8227
1254394379 6523 0 151 0 817 1 0 0 0 0 4 8227
1254397967 6519 0 155 0 817 1 0 0 0 0 4 8227
1254401573 6513 2 160 0 816 1 0 0 0 0 4 8227
1254405168 6535 6 131 8 816 1 0 0 0 0 4 8227
1254408765 6542 3 135 0 816 1 0 0 0 0 4 8227
1254412411 6542 0 138 0 816 1 0 0 0 0 4 8227
1254415975 6541 0 139 0 816 1 0 0 0 0 4 8227
1254419586 6540 0 140 0 816 1 0 0 0 0 4 8227
1254423206 6546 0 136 0 816 1 0 0 0 0 4 8227
1254426819 6550 1 131 0 816 1 0 0 0 0 4 8227
1254430363 6550 0 132 0 816 1 0 0 0 0 4 8227
1254433949 6550 0 132 0 816 1 0 0 0 0 4 8227
1254437544 6549 0 131 0 818 1 0 0 0 0 4 8227
1254441147 6541 0 142 0 815 1 0 0 0 0 4 8227
1254444747 6540 0 143 0 815 1 0 0 0 0 4 8227
1254448345 6539 0 143 0 815 1 0 0 0 0 4 8227
1254451946 6539 0 143 0 815 1 0 0 0 0 4 8227
1254455539 6539 0 143 0 815 1 0 0 0 0 4 8227
1254459147 6539 0 144 0 815 1 0 0 0 0 4 8227
1254462747 6539 0 144 0 815 1 0 0 0 0 4 8227
1254466368 6539 0 144 0 815 1 0 0 0 0 4 8227
1254469957 6537 1 145 0 815 1 0 0 0 0 4 8227
1254473569 6537 0 146 0 815 1 0 0 0 0 4 8227
1254477181 6537 0 146 0 815 1 0 0 0 0 4 8227
1254480758 6537 0 146 0 815 1 0 0 0 0 4 8227
1254484391 6536 0 147 0 815 1 0 0 0 0 4 8227
1254487999 6532 0 151 0 815 1 0 0 0 0 4 8227
1254491572 6533 0 152 0 815 1 0 0 0 0 4 8230
1254495196 6531 0 155 0 815 1 0 0 0 0 4 8232
1254498763 6531 0 155 0 815 1 0 0 0 0 4 8232
1254502367 6530 1 156 0 815 1 0 0 0 0 4 8232
1254505962 6530 1 158 0 813 1 0 0 0 0 4 8232
