1253638360 2094 4111 3599 74 0 2 0 0 0 0 57 9937
1253641993 2094 4111 3599 74 0 2 0 0 0 0 57 9937
1253645584 2094 4111 3599 74 0 2 0 0 0 0 57 9937
1253649188 2094 4111 3599 74 0 2 0 0 0 0 57 9937
1253652780 2094 4111 3599 74 0 2 0 0 0 0 57 9937
1253656346 2094 4111 3599 74 0 2 0 0 0 0 57 9937
1253659944 2092 4123 3590 73 0 2 0 0 0 0 57 9937
1253663546 2092 4123 3590 73 0 2 0 0 0 0 57 9937
1253667145 2092 4123 3590 73 0 2 0 0 0 0 57 9937
1253670744 2092 4123 3590 73 0 2 0 0 0 0 57 9937
1253674344 2092 4123 3590 73 0 2 0 0 0 0 57 9937
1253677946 2092 4123 3590 73 0 2 0 0 0 0 57 9937
1253681544 2092 4123 3590 73 0 2 0 0 0 0 57 9937
1253685146 2092 4123 3590 73 0 2 0 0 0 0 57 9937
1253688748 2092 4123 3590 73 0 2 0 0 0 0 57 9937
1253692350 2092 4123 3590 73 0 2 0 0 0 0 57 9937
1253695966 2092 4123 3590 73 0 2 0 0 0 0 57 9937
1253699558 2092 4123 3590 73 0 2 0 0 0 0 57 9937
1253703177 2092 4123 3590 73 0 2 0 0 0 0 57 9937
1253706786 2092 4123 3590 73 0 2 0 0 0 0 57 9937
1253710375 2092 4123 3590 73 0 2 0 0 0 0 57 9937
1253713975 2092 4123 3590 73 0 2 0 0 0 0 57 9937
1253717598 2092 4123 3590 73 0 2 0 0 0 0 57 9937
1253721192 2092 4123 3590 73 0 2 0 0 0 0 57 9937
1253724802 2092 4123 3590 73 0 2 0 0 0 0 57 9937
1253728410 2092 4123 3590 73 0 2 0 0 0 0 57 9937
1253732017 2092 4123 3590 73 0 2 0 0 0 0 57 9937
1253735624 2092 4123 3590 73 0 2 0 0 0 0 57 9937
1253739196 2092 4123 3590 73 0 2 0 0 0 0 57 9937
1253742747 2092 4123 3590 73 0 2 0 0 0 0 57 9937
1253746348 2092 4131 3582 73 0 2 0 0 0 0 57 9937
1253749950 2092 4131 3582 73 0 2 0 0 0 0 57 9937
1253753544 2092 4131 3582 73 0 2 0 0 0 0 57 9937
1253757147 2092 4131 3582 73 0 2 0 0 0 0 57 9937
1253760746 2092 4131 3582 73 0 2 0 0 0 0 57 9937
1253764341 2092 4131 3582 73 0 2 0 0 0 0 57 9937
1253767948 2092 4131 3582 73 0 2 0 0 0 0 57 9937
1253771541 2092 4131 3582 73 0 2 0 0 0 0 57 9937
1253775161 2092 4131 3582 73 0 2 0 0 0 0 57 9937
1253778770 2092 4131 3582 73 0 2 0 0 0 0 57 9937
1253782343 2092 4131 3582 73 0 2 0 0 0 0 57 9937
1253785953 2092 4131 3582 73 0 2 0 0 0 0 57 9937
1253789560 2092 4131 3582 73 0 2 0 0 0 0 57 9937
1253793152 2092 4131 3582 73 0 2 0 0 0 0 57 9937
1253796761 2092 4131 3582 73 0 2 0 0 0 0 57 9937
1253800361 2092 4131 3582 73 0 2 0 0 0 0 57 9937
1253803990 2092 4131 3582 73 0 2 0 0 0 0 57 9937
1253807571 2092 4131 3582 73 0 2 0 0 0 0 57 9937
1253811185 2092 4131 3582 73 0 2 0 0 0 0 57 9937
1253814777 2092 4131 3582 73 0 2 0 0 0 0 57 9937
1253818392 2092 4131 3582 73 0 2 0 0 0 0 57 9937
1253821995 2092 4131 3582 73 0 2 0 0 0 0 57 9937
1253825550 2092 4131 3582 73 0 2 0 0 0 0 57 9937
1253832747 2090 4149 3568 73 0 2 0 0 0 0 57 9939
1253836347 2090 4149 3568 73 0 2 0 0 0 0 57 9939
1253840087 2090 4149 3568 73 0 2 0 0 0 0 57 9939
1253843542 2090 4149 3568 73 0 2 0 0 0 0 57 9939
1253847148 2090 4149 3568 73 0 2 0 0 0 0 57 9939
1253850742 2090 4149 3568 73 0 2 0 0 0 0 57 9939
1253854350 2090 4149 3568 73 0 2 0 0 0 0 57 9939
1253857942 2090 4149 3568 73 0 2 0 0 0 0 57 9939
1253861567 2090 4149 3568 73 0 2 0 0 0 0 57 9939
1253865151 2090 4149 3568 73 0 2 0 0 0 0 57 9939
1253868762 2090 4149 3568 73 0 2 0 0 0 0 57 9939
1253872352 2090 4149 3568 73 0 2 0 0 0 0 57 9939
1253875959 2090 4149 3568 73 0 2 0 0 0 0 57 9939
1253879558 2090 4149 3568 73 0 2 0 0 0 0 57 9939
1253883210 2090 4149 3568 73 0 2 0 0 0 0 57 9939
1253886793 2090 4149 3568 73 0 2 0 0 0 0 57 9939
1253890365 2090 4149 3568 73 0 2 0 0 0 0 57 9939
1253893956 2090 4149 3568 73 0 2 0 0 0 0 57 9939
1253897565 2090 4149 3568 73 0 2 0 0 0 0 57 9939
1253901188 2090 4149 3568 73 0 2 0 0 0 0 57 9939
1253904782 2090 4149 3568 73 0 2 0 0 0 0 57 9939
1253908357 2090 4149 3568 73 0 2 0 0 0 0 57 9939
1253911957 2090 4149 3568 73 0 2 0 0 0 0 57 9939
1253915556 2090 4149 3568 73 0 2 0 0 0 0 57 9939
1253919146 2089 4161 3560 73 0 2 0 0 0 0 57 9942
1253922745 2089 4161 3560 73 0 2 0 0 0 0 57 9942
1253926349 2089 4161 3560 73 0 2 0 0 0 0 57 9942
1253929943 2089 4161 3560 73 0 2 0 0 0 0 57 9942
1253933543 2089 4161 3560 73 0 2 0 0 0 0 57 9942
1253937140 2089 4161 3560 73 0 2 0 0 0 0 57 9942
1253940746 2089 4161 3560 73 0 2 0 0 0 0 57 9942
1253944339 2089 4161 3560 73 0 2 0 0 0 0 57 9942
1253947953 2089 4161 3560 73 0 2 0 0 0 0 57 9942
1253951551 2089 4161 3560 73 0 2 0 0 0 0 57 9942
1253955144 2089 4161 3560 73 0 2 0 0 0 0 57 9942
1253958748 2089 4161 3560 73 0 2 0 0 0 0 57 9942
1253962358 2089 4161 3560 73 0 2 0 0 0 0 57 9942
1253965976 2089 4161 3560 73 0 2 0 0 0 0 57 9942
1253969555 2089 4161 3560 73 0 2 0 0 0 0 57 9942
1253973155 2089 4161 3560 73 0 2 0 0 0 0 57 9942
1253976746 2089 4161 3560 73 0 2 0 0 0 0 57 9942
1253980352 2089 4161 3560 73 0 2 0 0 0 0 57 9942
1253983946 2089 4161 3560 73 0 2 0 0 0 0 57 9942
1253987551 2089 4161 3560 73 0 2 0 0 0 0 57 9942
1253991154 2089 4161 3560 73 0 2 0 0 0 0 57 9942
1253994743 2089 4161 3560 73 0 2 0 0 0 0 57 9942
1253998342 2089 4161 3560 73 0 2 0 0 0 0 57 9942
1254001951 2089 4161 3560 73 0 2 0 0 0 0 57 9942
1254005543 2087 4170 3554 73 0 2 0 0 0 0 57 9943
1254009143 2087 4170 3554 73 0 2 0 0 0 0 57 9943
1254012747 2087 4170 3554 73 0 2 0 0 0 0 57 9943
1254016344 2087 4170 3554 73 0 2 0 0 0 0 57 9943
1254019943 2087 4170 3554 73 0 2 0 0 0 0 57 9943
1254023544 2087 4170 3554 73 0 2 0 0 0 0 57 9943
1254027145 2087 4170 3554 73 0 2 0 0 0 0 57 9943
1254030752 2087 4170 3554 73 0 2 0 0 0 0 57 9943
1254034347 2087 4170 3554 73 0 2 0 0 0 0 57 9943
1254037951 2087 4170 3554 73 0 2 0 0 0 0 57 9943
1254041547 2087 4170 3554 73 0 2 0 0 0 0 57 9943
1254045142 2087 4170 3554 73 0 2 0 0 0 0 57 9943
1254048757 2087 4170 3554 73 0 2 0 0 0 0 57 9943
1254052361 2087 4170 3554 73 0 2 0 0 0 0 57 9943
1254055960 2087 4170 3554 73 0 2 0 0 0 0 57 9943
1254059548 2087 4170 3554 73 0 2 0 0 0 0 57 9943
1254063151 2087 4170 3554 73 0 2 0 0 0 0 57 9943
1254066757 2087 4170 3554 73 0 2 0 0 0 0 57 9943
1254070344 2087 4170 3554 73 0 2 0 0 0 0 57 9943
1254073957 2087 4170 3554 73 0 2 0 0 0 0 57 9943
1254077560 2087 4170 3554 73 0 2 0 0 0 0 57 9943
1254081152 2087 4170 3554 73 0 2 0 0 0 0 57 9943
1254084751 2087 4170 3554 73 0 2 0 0 0 0 57 9943
1254088346 2087 4170 3554 73 0 2 0 0 0 0 57 9943
1254091950 2083 4211 3532 72 0 2 0 0 0 0 57 9957
1254095545 2083 4211 3532 72 0 2 0 0 0 0 57 9957
1254099152 2083 4211 3532 72 0 2 0 0 0 0 57 9957
1254102750 2083 4211 3532 72 0 2 0 0 0 0 57 9957
1254106342 2083 4211 3532 72 0 2 0 0 0 0 57 9957
1254109953 2083 4211 3532 72 0 2 0 0 0 0 57 9957
1254113544 2083 4211 3532 72 0 2 0 0 0 0 57 9957
1254117146 2083 4211 3532 72 0 2 0 0 0 0 57 9957
1254120760 2083 4211 3532 72 0 2 0 0 0 0 57 9957
1254124359 2083 4211 3532 72 0 2 0 0 0 0 57 9957
1254127992 2083 4211 3532 72 0 2 0 0 0 0 57 9957
1254131567 2083 4211 3532 72 0 2 0 0 0 0 57 9957
1254135176 2083 4211 3532 72 0 2 0 0 0 0 57 9957
1254138778 2083 4211 3532 72 0 2 0 0 0 0 57 9957
1254142393 2083 4211 3532 72 0 2 0 0 0 0 57 9957
1254145969 2083 4211 3532 72 0 2 0 0 0 0 57 9957
1254149590 2083 4211 3532 72 0 2 0 0 0 0 57 9957
1254153174 2083 4211 3532 72 0 2 0 0 0 0 57 9957
1254156768 2083 4211 3532 72 0 2 0 0 0 0 57 9957
1254160375 2083 4211 3532 72 0 2 0 0 0 0 57 9957
1254163980 2083 4211 3532 72 0 2 0 0 0 0 57 9957
1254167573 2083 4211 3532 72 0 2 0 0 0 0 57 9957
1254171153 2083 4211 3532 72 0 2 0 0 0 0 57 9957
1254174745 2083 4211 3532 72 0 2 0 0 0 0 57 9957
1254178361 2078 4233 3518 71 0 2 0 0 0 0 57 9959
1254181958 2078 4233 3518 71 0 2 0 0 0 0 57 9959
1254185561 2078 4233 3518 71 0 2 0 0 0 0 57 9959
1254189155 2078 4233 3518 71 0 2 0 0 0 0 57 9959
1254192750 2078 4233 3518 71 0 2 0 0 0 0 57 9959
1254196355 2078 4233 3518 71 0 2 0 0 0 0 57 9959
1254199950 2078 4233 3518 71 0 2 0 0 0 0 57 9959
1254203548 2078 4233 3518 71 0 2 0 0 0 0 57 9959
1254207170 2078 4233 3518 71 0 2 0 0 0 0 57 9959
1254210764 2078 4233 3518 71 0 2 0 0 0 0 57 9959
1254214400 2078 4233 3518 71 0 2 0 0 0 0 57 9959
1254217979 2078 4233 3518 71 0 2 0 0 0 0 57 9959
1254221594 2078 4233 3518 71 0 2 0 0 0 0 57 9959
1254225176 2078 4233 3518 71 0 2 0 0 0 0 57 9959
1254228794 2078 4233 3518 71 0 2 0 0 0 0 57 9959
1254232405 2078 4233 3518 71 0 2 0 0 0 0 57 9959
1254236032 2078 4233 3518 71 0 2 0 0 0 0 57 9959
1254239596 2078 4233 3518 71 0 2 0 0 0 0 57 9959
1254243191 2078 4233 3518 71 0 2 0 0 0 0 57 9959
1254246800 2078 4233 3518 71 0 2 0 0 0 0 57 9959
1254250390 2078 4233 3518 71 0 2 0 0 0 0 57 9959
1254254002 2078 4233 3518 71 0 2 0 0 0 0 57 9959
1254257591 2078 4233 3518 71 0 2 0 0 0 0 57 9959
1254261160 2078 4233 3518 71 0 2 0 0 0 0 57 9959
1254264766 2075 4260 3501 70 0 2 0 0 0 0 57 9965
1254268350 2075 4260 3501 70 0 2 0 0 0 0 57 9965
1254271947 2075 4260 3501 70 0 2 0 0 0 0 57 9965
1254275544 2075 4260 3501 70 0 2 0 0 0 0 57 9965
1254279144 2075 4260 3501 70 0 2 0 0 0 0 57 9965
1254282750 2075 4260 3501 70 0 2 0 0 0 0 57 9965
1254286358 2075 4260 3501 70 0 2 0 0 0 0 57 9965
1254289945 2075 4260 3501 70 0 2 0 0 0 0 57 9965
1254293550 2075 4260 3501 70 0 2 0 0 0 0 57 9965
1254297171 2075 4260 3501 70 0 2 0 0 0 0 57 9965
1254300756 2075 4260 3501 70 0 2 0 0 0 0 57 9965
1254304357 2075 4260 3501 70 0 2 0 0 0 0 57 9965
1254307971 2075 4260 3501 70 0 2 0 0 0 0 57 9965
1254311562 2075 4260 3501 70 0 2 0 0 0 0 57 9965
1254315165 2075 4260 3501 70 0 2 0 0 0 0 57 9965
1254318771 2075 4260 3501 70 0 2 0 0 0 0 57 9965
1254322375 2075 4260 3501 70 0 2 0 0 0 0 57 9965
1254325967 2075 4260 3501 70 0 2 0 0 0 0 57 9965
1254329583 2075 4260 3501 70 0 2 0 0 0 0 57 9965
1254333197 2075 4260 3501 70 0 2 0 0 0 0 57 9965
1254336787 2075 4260 3501 70 0 2 0 0 0 0 57 9965
1254340410 2075 4260 3501 70 0 2 0 0 0 0 57 9965
1254343979 2075 4260 3501 70 0 2 0 0 0 0 57 9965
1254347556 2075 4260 3501 70 0 2 0 0 0 0 57 9965
1254351147 2071 4275 3493 70 0 2 0 0 0 0 57 9968
1254354745 2071 4275 3493 70 0 2 0 0 0 0 57 9968
1254358346 2071 4275 3493 70 0 2 0 0 0 0 57 9968
1254361951 2071 4275 3493 70 0 2 0 0 0 0 57 9968
1254365544 2071 4275 3493 70 0 2 0 0 0 0 57 9968
1254369141 2071 4275 3493 70 0 2 0 0 0 0 57 9968
1254372747 2071 4275 3493 70 0 2 0 0 0 0 57 9968
1254376361 2071 4275 3493 70 0 2 0 0 0 0 57 9968
1254384260 2071 4275 3493 70 0 2 0 0 0 0 57 9968
1254387159 2071 4275 3493 70 0 2 0 0 0 0 57 9968
1254390763 2071 4275 3493 70 0 2 0 0 0 0 57 9968
1254394379 2071 4275 3493 70 0 2 0 0 0 0 57 9968
1254397967 2071 4275 3493 70 0 2 0 0 0 0 57 9968
1254401573 2071 4275 3493 70 0 2 0 0 0 0 57 9968
1254405168 2071 4275 3493 70 0 2 0 0 0 0 57 9968
1254408765 2071 4275 3493 70 0 2 0 0 0 0 57 9968
1254412411 2071 4275 3493 70 0 2 0 0 0 0 57 9968
1254415975 2071 4275 3493 70 0 2 0 0 0 0 57 9968
1254419586 2071 4275 3493 70 0 2 0 0 0 0 57 9968
1254423207 2071 4275 3493 70 0 2 0 0 0 0 57 9968
1254426820 2071 4275 3493 70 0 2 0 0 0 0 57 9968
1254430363 2071 4275 3493 70 0 2 0 0 0 0 57 9968
1254433949 2071 4275 3493 70 0 2 0 0 0 0 57 9968
1254437544 2069 4304 3485 69 0 2 0 0 0 0 57 9986
1254441147 2069 4304 3485 69 0 2 0 0 0 0 57 9986
1254444748 2069 4304 3485 69 0 2 0 0 0 0 57 9986
1254448345 2069 4304 3485 69 0 2 0 0 0 0 57 9986
1254451946 2069 4304 3485 69 0 2 0 0 0 0 57 9986
1254455540 2069 4304 3485 69 0 2 0 0 0 0 57 9986
1254459148 2069 4304 3485 69 0 2 0 0 0 0 57 9986
1254462747 2069 4304 3485 69 0 2 0 0 0 0 57 9986
1254466369 2069 4304 3485 69 0 2 0 0 0 0 57 9986
1254469957 2069 4304 3485 69 0 2 0 0 0 0 57 9986
1254473569 2069 4304 3485 69 0 2 0 0 0 0 57 9986
1254477182 2069 4304 3485 69 0 2 0 0 0 0 57 9986
1254480758 2069 4304 3485 69 0 2 0 0 0 0 57 9986
1254484391 2069 4304 3485 69 0 2 0 0 0 0 57 9986
1254487999 2069 4304 3485 69 0 2 0 0 0 0 57 9986
1254491572 2069 4304 3485 69 0 2 0 0 0 0 57 9986
1254495196 2069 4304 3485 69 0 2 0 0 0 0 57 9986
1254498763 2069 4304 3485 69 0 2 0 0 0 0 57 9986
1254502367 2069 4304 3485 69 0 2 0 0 0 0 57 9986
1254505962 2069 4304 3485 69 0 2 0 0 0 0 57 9986
