1253638360 5075 0 432 5 59 1190 0 0 3 0 172 8189
1253641993 5073 0 432 5 59 1190 0 0 3 0 172 8189
1253645585 5073 0 432 5 59 1190 0 0 3 0 172 8189
1253649188 5072 0 432 5 59 1190 0 0 3 0 172 8189
1253652780 5071 0 432 5 59 1190 0 0 3 0 172 8189
1253656346 5071 0 432 5 59 1190 0 0 3 0 172 8189
1253659944 5071 0 432 5 59 1190 0 0 3 0 172 8189
1253663546 5063 0 430 5 59 1190 0 0 3 0 172 8186
1253667145 5062 0 429 5 59 1190 0 0 3 0 172 8186
1253670745 5062 0 429 5 59 1190 0 0 3 0 172 8186
1253674344 5062 0 429 5 59 1190 0 0 3 0 172 8186
1253677946 5062 0 429 5 59 1190 0 0 3 0 172 8186
1253681544 5062 0 429 5 59 1190 0 0 3 0 172 8186
1253685146 5061 0 429 5 59 1190 0 0 3 0 172 8186
1253688748 5060 0 429 5 59 1190 0 0 3 0 172 8185
1253692350 5060 0 429 5 59 1190 0 0 3 0 172 8185
1253695966 5060 0 429 5 59 1190 0 0 3 0 172 8185
1253699558 5060 0 429 5 59 1190 0 0 3 0 172 8185
1253703177 5060 0 429 5 59 1190 0 0 3 0 172 8185
1253706786 5057 0 428 5 59 1190 0 0 3 0 172 8185
1253710375 5055 0 428 5 59 1190 0 0 3 0 172 8185
1253713975 5055 0 428 5 59 1190 0 0 3 0 172 8186
1253717598 5054 0 428 5 59 1190 0 0 3 0 172 8186
1253721192 5054 0 428 5 59 1190 0 0 3 0 172 8186
1253724802 5054 0 428 5 59 1190 0 0 3 0 172 8186
1253728410 5051 0 428 5 59 1190 0 0 3 0 172 8193
1253732017 5049 0 428 5 59 1189 0 0 3 0 172 8195
1253735624 5046 0 428 5 59 1189 0 0 3 0 172 8195
1253739196 5042 0 428 5 59 1189 0 0 3 0 172 8195
1253742747 5042 0 428 5 59 1189 0 0 3 0 172 8195
1253746348 5042 0 428 5 59 1189 0 0 3 0 172 8195
1253749950 5037 0 428 5 59 1189 0 0 3 0 172 8194
1253753544 5037 0 428 5 59 1189 0 0 3 0 172 8194
1253757147 5037 0 428 5 59 1189 0 0 3 0 172 8194
1253760746 5037 0 428 5 59 1189 0 0 3 0 172 8194
1253764341 5037 0 428 5 59 1189 0 0 3 0 172 8194
1253767948 5037 0 428 5 59 1189 0 0 3 0 172 8194
1253771541 5037 0 428 5 59 1189 0 0 3 0 172 8194
1253775161 5037 0 428 5 59 1189 0 0 3 0 172 8194
1253778770 5037 0 428 5 59 1189 0 0 3 0 172 8194
1253782344 5037 0 426 5 59 1189 0 0 3 0 172 8194
1253785953 5037 0 426 5 59 1189 0 0 3 0 172 8194
1253789560 5037 0 425 5 59 1189 0 0 3 0 172 8195
1253793152 5034 0 425 5 59 1189 0 0 3 0 172 8195
1253796761 5034 0 425 5 59 1189 0 0 3 0 172 8196
1253800361 5031 0 425 5 59 1189 0 0 3 0 172 8197
1253803990 5031 0 425 5 59 1189 0 0 3 0 172 8197
1253807571 5031 0 425 5 59 1189 0 0 3 0 172 8197
1253811185 5027 0 423 5 58 1189 0 0 3 0 172 8197
1253814777 5024 0 422 5 58 1189 0 0 3 0 172 8198
1253818392 5024 0 422 5 58 1189 0 0 3 0 172 8198
1253821995 5020 0 422 5 58 1189 0 0 3 0 172 8198
1253825550 5020 0 421 5 58 1189 0 0 3 0 172 8198
1253832747 5020 0 421 5 58 1189 0 0 3 0 172 8198
1253836347 5017 0 420 5 57 1189 0 0 3 0 172 8198
1253840087 5015 0 419 5 57 1189 0 0 3 0 172 8198
1253843542 5015 0 419 5 57 1189 0 0 3 0 172 8198
1253847148 5014 0 419 5 57 1189 0 0 3 0 172 8198
1253850742 5014 0 419 5 57 1189 0 0 3 0 172 8198
1253854351 5014 0 419 5 57 1189 0 0 3 0 172 8198
1253857942 5013 0 418 5 57 1189 0 0 3 0 172 8198
1253861567 5012 0 418 5 57 1189 0 0 3 0 172 8198
1253865151 5012 0 418 5 57 1189 0 0 3 0 172 8198
1253868762 5012 0 418 5 57 1189 0 0 3 0 172 8198
1253872353 5012 0 418 5 57 1189 0 0 3 0 172 8198
1253875959 5012 0 418 5 57 1189 0 0 3 0 172 8198
1253879559 5009 0 418 5 57 1189 0 0 3 0 172 8198
1253883210 5006 0 417 5 57 1189 0 0 3 0 172 8199
1253886793 5005 0 416 5 57 1189 0 0 3 0 172 8199
1253890365 5005 0 416 5 57 1189 0 0 3 0 172 8199
1253893956 5005 0 416 5 57 1189 0 0 3 0 172 8199
1253897565 5005 0 416 5 57 1189 0 0 3 0 172 8199
1253901188 5002 0 415 5 56 1189 0 0 3 0 172 8203
1253904782 5002 0 415 5 56 1189 0 0 3 0 172 8203
1253908357 5002 0 415 5 56 1189 0 0 3 0 172 8204
1253911957 5000 0 415 5 56 1189 0 0 3 0 172 8204
1253915556 5000 0 415 5 56 1189 0 0 3 0 172 8204
1253919146 5000 0 415 5 56 1189 0 0 3 0 172 8204
1253922745 4995 0 414 5 56 1189 0 0 3 0 172 8204
1253926349 4992 0 414 5 56 1189 0 0 3 0 172 8204
1253929943 4990 0 414 5 56 1189 0 0 3 0 172 8204
1253933543 4989 0 414 5 56 1189 0 0 3 0 172 8204
1253937140 4989 0 414 5 56 1189 0 0 3 0 172 8204
1253940746 4989 0 414 5 56 1189 0 0 3 0 172 8204
1253944340 4987 0 413 5 56 1189 0 0 3 0 172 8204
1253947953 4987 0 413 5 56 1189 0 0 3 0 172 8204
1253951551 4987 0 413 5 56 1189 0 0 3 0 172 8204
1253955144 4987 0 413 5 56 1189 0 0 3 0 172 8204
1253958748 4987 0 413 5 56 1189 0 0 3 0 172 8204
1253962358 4986 0 413 5 56 1189 0 0 3 0 172 8204
1253965976 4985 0 413 5 56 1189 0 0 3 0 172 8204
1253969556 4985 0 413 5 56 1189 0 0 3 0 172 8204
1253973155 4983 0 413 5 56 1189 0 0 3 0 172 8205
1253976746 4982 0 413 5 56 1189 0 0 3 0 172 8205
1253980352 4982 0 413 5 56 1189 0 0 3 0 172 8205
1253983947 4982 0 413 5 56 1189 0 0 3 0 172 8205
1253987551 4978 0 413 5 56 1189 0 0 3 0 172 8206
1253991154 4978 0 413 5 56 1189 0 0 3 0 172 8206
1253994744 4978 0 413 5 56 1189 0 0 3 0 172 8207
1253998342 4977 0 413 5 56 1189 0 0 3 0 172 8208
1254001951 4977 0 413 5 56 1189 0 0 3 0 172 8208
1254005544 4977 0 413 5 56 1189 0 0 3 0 172 8208
1254009143 4977 0 413 5 56 1189 0 0 3 0 172 8209
1254012747 4976 0 413 5 56 1189 0 0 3 0 172 8208
1254016344 4976 0 412 5 56 1189 0 0 3 0 172 8208
1254019943 4975 0 412 5 56 1189 0 0 3 0 172 8208
1254023544 4975 0 412 5 56 1189 0 0 3 0 172 8208
1254027145 4975 0 412 5 56 1189 0 0 3 0 172 8208
1254030752 4975 0 412 5 56 1189 0 0 3 0 172 8208
1254034348 4975 0 412 5 56 1189 0 0 3 0 172 8208
1254037952 4973 0 411 5 56 1187 0 0 3 0 172 8208
1254041547 4972 0 411 5 56 1187 0 0 3 0 172 8208
1254045142 4972 0 411 5 56 1187 0 0 3 0 172 8208
1254048757 4971 0 411 5 56 1187 0 0 3 0 172 8208
1254052361 4971 0 411 5 56 1187 0 0 3 0 172 8208
1254055960 4971 0 411 5 56 1187 0 0 3 0 172 8208
1254059548 4971 0 411 5 56 1187 0 0 3 0 172 8208
1254063152 4969 0 411 5 56 1187 0 0 3 0 172 8208
1254066757 4969 0 411 5 56 1187 0 0 3 0 172 8208
1254070344 4969 0 411 5 56 1187 0 0 3 0 172 8208
1254073958 4964 0 409 5 56 1187 0 0 3 0 172 8213
1254077560 4963 0 409 5 56 1187 0 0 3 0 172 8213
1254081152 4963 0 409 5 56 1187 0 0 3 0 172 8213
1254084751 4961 0 409 5 56 1187 0 0 3 0 172 8213
1254088346 4961 0 409 5 56 1187 0 0 3 0 172 8213
1254091950 4961 0 409 5 56 1187 0 0 3 0 172 8214
1254095545 4958 0 408 5 56 1187 0 0 3 0 172 8214
1254099153 4957 0 408 5 56 1187 0 0 3 0 172 8214
1254102750 4957 0 408 5 56 1187 0 0 3 0 172 8214
1254106343 4956 0 408 5 56 1187 0 0 3 0 172 8214
1254109953 4956 0 408 5 56 1187 0 0 3 0 172 8214
1254113544 4955 0 408 5 56 1187 0 0 3 0 172 8214
1254117146 4954 0 408 5 56 1187 0 0 3 0 172 8214
1254120760 4954 0 408 5 56 1187 0 0 3 0 172 8215
1254124359 4954 0 408 5 56 1187 0 0 3 0 172 8215
1254127992 4954 0 408 5 56 1187 0 0 3 0 172 8215
1254131567 4954 0 408 5 56 1187 0 0 3 0 172 8215
1254135176 4954 0 408 5 56 1187 0 0 3 0 172 8215
1254138779 4954 0 408 5 56 1187 0 0 3 0 172 8215
1254142393 4954 0 407 5 56 1186 0 0 3 0 172 8225
1254145969 4953 0 407 5 56 1186 0 0 3 0 172 8227
1254149590 4952 0 407 5 56 1186 0 0 3 0 172 8227
1254153174 4952 0 407 5 56 1186 0 0 3 0 172 8227
1254156768 4952 0 407 5 56 1186 0 0 3 0 172 8227
1254160375 4950 0 406 5 56 1184 0 0 3 0 172 8226
1254163980 4947 0 406 5 56 1184 0 0 3 0 172 8226
1254167574 4947 0 406 5 56 1184 0 0 3 0 172 8226
1254171153 4946 0 406 5 56 1184 0 0 3 0 172 8226
1254174745 4946 0 406 5 56 1184 0 0 3 0 172 8226
1254178361 4946 0 406 5 56 1184 0 0 3 0 172 8226
1254181958 4942 0 406 5 56 1184 0 0 3 0 172 8226
1254185561 4942 0 406 5 56 1184 0 0 3 0 172 8226
1254189155 4942 0 406 5 56 1184 0 0 3 0 172 8226
1254192750 4942 0 406 5 56 1184 0 0 3 0 172 8226
1254196355 4942 0 406 5 56 1184 0 0 3 0 172 8226
1254199950 4942 0 406 5 56 1184 0 0 3 0 172 8226
1254203548 4941 0 406 5 56 1184 0 0 3 0 172 8226
1254207170 4941 0 406 5 56 1184 0 0 3 0 172 8226
1254210764 4941 0 406 5 56 1184 0 0 3 0 172 8226
1254214400 4941 0 406 5 56 1184 0 0 3 0 172 8226
1254217979 4941 0 406 5 56 1184 0 0 3 0 172 8226
1254221594 4940 0 406 5 56 1184 0 0 3 0 172 8226
1254225176 4939 0 406 5 56 1184 0 0 3 0 172 8226
1254228794 4939 0 406 5 56 1184 0 0 3 0 172 8227
1254232405 4936 0 406 5 56 1184 0 0 3 0 172 8227
1254236032 4934 0 406 5 56 1184 0 0 3 0 172 8227
1254239596 4934 0 406 5 56 1184 0 0 3 0 172 8227
1254243191 4934 0 406 5 56 1184 0 0 3 0 172 8227
1254246800 4930 0 406 5 56 1184 0 0 3 0 172 8225
1254250390 4930 0 406 5 56 1184 0 0 3 0 172 8225
1254254002 4929 0 406 5 56 1184 0 0 3 0 172 8225
1254257591 4926 0 406 5 56 1184 0 0 3 0 172 8225
1254261161 4926 0 406 5 56 1184 0 0 3 0 172 8225
1254264766 4926 0 406 5 56 1184 0 0 3 0 172 8225
1254268350 4921 0 405 5 56 1184 0 0 3 0 172 8225
1254271947 4919 0 405 5 56 1184 0 0 3 0 172 8225
1254275544 4919 0 404 5 56 1184 0 0 3 0 172 8225
1254279144 4919 0 404 5 56 1184 0 0 3 0 172 8225
1254282751 4919 0 404 5 56 1184 0 0 3 0 172 8225
1254286358 4917 0 403 5 56 1184 0 0 3 0 172 8225
1254289946 4916 0 403 5 56 1184 0 0 3 0 172 8225
1254293550 4916 0 403 5 56 1184 0 0 3 0 172 8225
1254297171 4915 0 403 5 56 1184 0 0 3 0 172 8225
1254300756 4915 0 403 5 56 1184 0 0 3 0 172 8225
1254304357 4915 0 403 5 56 1184 0 0 3 0 172 8225
1254307971 4915 0 403 5 56 1184 0 0 3 0 172 8225
1254311562 4914 0 403 5 56 1184 0 0 3 0 172 8225
1254315165 4914 0 403 5 56 1184 0 0 3 0 172 8225
1254318771 4912 0 403 5 56 1184 0 0 3 0 172 8226
1254322375 4912 0 403 5 56 1184 0 0 3 0 172 8226
1254325967 4912 0 403 5 56 1184 0 0 3 0 172 8226
1254329583 4908 0 403 5 56 1184 0 0 3 0 172 8228
1254333197 4908 0 402 5 56 1184 0 0 3 0 172 8228
1254336787 4908 0 402 5 56 1184 0 0 3 0 172 8228
1254340411 4908 0 402 5 56 1184 0 0 3 0 172 8228
1254343979 4906 0 401 5 56 1184 0 0 3 0 172 8228
1254347556 4906 0 401 5 56 1184 0 0 3 0 172 8228
1254351148 4906 0 401 5 56 1184 0 0 3 0 172 8228
1254354745 4898 0 400 5 56 1183 0 0 3 0 172 8222
1254358346 4898 0 400 5 56 1183 0 0 3 0 172 8222
1254361951 4897 0 400 5 56 1183 0 0 3 0 172 8222
1254365544 4897 0 400 5 56 1183 0 0 3 0 172 8222
1254369141 4897 0 400 5 56 1183 0 0 3 0 172 8222
1254372747 4897 0 400 5 56 1183 0 0 3 0 172 8222
1254376361 4897 0 399 5 56 1183 0 0 3 0 172 8222
1254384260 4894 0 399 5 56 1183 0 0 3 0 172 8222
1254387159 4894 0 399 5 56 1183 0 0 3 0 172 8222
1254390763 4894 0 399 5 56 1183 0 0 3 0 172 8222
1254394379 4894 0 399 5 56 1183 0 0 3 0 172 8222
1254397967 4893 0 399 5 56 1183 0 0 3 0 172 8222
1254401573 4892 0 400 5 56 1183 0 0 3 0 172 8222
1254405168 4892 0 400 5 56 1183 0 0 3 0 172 8222
1254408766 4891 0 400 5 56 1183 0 0 3 0 172 8222
1254412411 4891 0 400 5 56 1183 0 0 3 0 172 8222
1254415975 4891 0 400 5 56 1183 0 0 3 0 172 8222
1254419586 4890 0 400 5 56 1182 0 0 3 0 172 8222
1254423207 4888 0 400 5 56 1182 0 0 3 0 172 8222
1254426820 4888 0 400 5 56 1182 0 0 3 0 172 8222
1254430363 4888 0 400 5 56 1182 0 0 3 0 172 8222
1254433949 4888 0 400 5 56 1182 0 0 3 0 172 8222
1254437544 4888 0 400 5 56 1182 0 0 3 0 172 8222
1254441147 4882 0 399 5 56 1182 0 0 3 0 172 8222
1254444748 4882 0 399 5 56 1182 0 0 3 0 172 8222
1254448345 4881 0 399 5 56 1182 0 0 3 0 172 8222
1254451946 4881 0 399 5 56 1182 0 0 3 0 172 8222
1254455540 4881 0 399 5 56 1182 0 0 3 0 172 8222
1254459148 4881 0 399 5 56 1182 0 0 3 0 172 8222
1254462747 4881 0 399 5 56 1182 0 0 3 0 172 8222
1254466369 4881 0 399 5 56 1182 0 0 3 0 172 8222
1254469957 4881 0 399 5 56 1182 0 0 3 0 172 8222
1254473569 4881 0 399 5 56 1182 0 0 3 0 172 8222
1254477182 4881 0 399 5 56 1182 0 0 3 0 172 8222
1254480758 4881 0 399 5 56 1182 0 0 3 0 172 8222
1254484391 4881 0 399 5 56 1182 0 0 3 0 172 8222
1254487999 4881 0 399 5 56 1182 0 0 3 0 172 8222
1254491573 4880 0 398 5 56 1182 0 0 3 0 172 8224
1254495197 4880 0 398 5 56 1182 0 0 3 0 172 8227
1254498763 4880 0 398 5 56 1182 0 0 3 0 172 8227
1254502367 4880 0 398 5 56 1182 0 0 3 0 172 8227
1254505962 4878 0 398 5 56 1182 0 0 3 0 172 8227
