1253638360 7952 3 46 1 19 53 0 0 1 0 10 8248
1253641993 7952 0 47 1 19 53 0 0 1 0 10 8248
1253645585 7948 0 43 1 19 53 0 0 1 0 10 8248
1253649188 7945 0 44 1 19 53 0 0 1 0 10 8248
1253652780 7944 0 41 1 19 53 0 0 1 0 10 8248
1253656346 7944 0 40 1 19 53 0 0 1 0 10 8248
1253659944 7939 0 42 1 19 53 0 0 1 0 10 8245
1253663546 7932 0 41 1 19 53 0 0 1 0 10 8245
1253667145 7931 0 40 1 19 53 0 0 1 0 10 8245
1253670745 7930 0 40 1 19 53 0 0 1 0 10 8245
1253674344 7930 0 40 1 19 53 0 0 1 0 10 8245
1253677946 7930 0 40 1 19 53 0 0 1 0 10 8245
1253681545 7923 0 47 0 19 53 0 0 1 0 10 8245
1253685146 7920 2 45 0 19 53 0 0 1 0 10 8245
1253688748 7917 0 41 0 19 53 0 0 1 0 10 8244
1253692350 7917 0 40 0 19 53 0 0 1 0 10 8244
1253695966 7917 0 40 0 19 53 0 0 1 0 10 8244
1253699558 7917 0 40 0 19 53 0 0 1 0 10 8244
1253703177 7916 0 40 0 19 53 0 0 1 0 10 8244
1253706786 7904 2 50 0 19 53 0 0 1 0 10 8244
1253710375 7904 1 50 0 19 53 0 0 1 0 10 8245
1253713975 7903 0 45 0 19 53 0 0 1 0 10 8245
1253717599 7903 0 40 0 19 53 0 0 1 0 10 8245
1253721192 7903 0 40 0 19 53 0 0 1 0 10 8245
1253724802 7901 0 40 0 19 54 0 0 1 0 10 8243
1253728410 7888 1 51 0 19 54 0 0 1 0 10 8250
1253732017 7944 7 54 0 19 54 0 0 1 0 10 8253
1253735624 7943 11 45 0 19 54 0 0 1 0 10 8253
1253739197 7941 12 45 7 19 54 0 0 1 0 10 8253
1253742747 7941 12 44 14 19 54 0 0 1 0 10 8253
1253746348 7939 0 40 16 19 54 0 0 1 0 10 8254
1253749951 7947 0 38 3 19 54 0 0 1 0 10 8254
1253753544 7957 0 38 1 19 54 0 0 1 0 10 8254
1253757147 7957 0 37 1 19 54 0 0 1 0 10 8254
1253760746 7956 0 37 1 19 54 0 0 1 0 10 8254
1253764341 7956 0 37 1 19 54 0 0 1 0 10 8254
1253767948 7955 0 37 1 19 54 0 0 1 0 10 8254
1253771541 7954 0 37 1 19 54 0 0 1 0 10 8254
1253775162 7953 0 37 1 19 54 0 0 1 0 10 8254
1253778770 7951 0 37 1 19 54 0 0 1 0 10 8254
1253782344 7951 0 37 1 19 54 0 0 1 0 10 8254
1253785953 7951 0 37 1 19 54 0 0 1 0 10 8254
1253789560 7946 0 36 1 19 54 0 0 1 0 10 8254
1253793152 7942 0 36 1 19 54 0 0 1 0 10 8254
1253796761 7941 0 36 0 19 54 0 0 1 0 10 8256
1253800361 7936 0 36 0 19 54 0 0 1 0 10 8256
1253803990 7935 0 36 0 19 54 0 0 1 0 10 8256
1253807571 7935 0 36 0 19 54 0 0 1 0 10 8256
1253811186 7921 0 36 0 19 54 0 0 1 0 10 8257
1253814777 7935 0 37 5 19 54 0 0 1 0 10 8257
1253818392 7935 0 37 0 19 54 0 0 1 0 10 8257
1253821995 7934 57 56 1 19 54 0 0 1 0 10 8257
1253825550 7932 58 42 1 19 54 0 0 1 0 10 8257
1253832747 7932 36 48 1 19 54 0 0 1 0 10 8257
1253836347 7914 41 54 1 19 54 0 0 1 0 10 8257
1253840088 7913 41 52 1 19 54 0 0 1 0 10 8257
1253843542 7910 44 52 1 19 54 0 0 1 0 10 8257
1253847148 7908 46 52 1 19 54 0 0 1 0 10 8257
1253850742 7908 46 50 1 19 54 0 0 1 0 10 8257
1253854351 7908 36 56 1 19 54 0 0 1 0 10 8257
1253857942 7905 39 51 1 19 54 0 0 1 0 10 8257
1253861567 7903 41 50 1 19 54 0 0 1 0 10 8257
1253865152 7902 21 58 1 19 54 0 0 1 0 10 8257
1253868762 7901 22 54 1 19 54 0 0 1 0 10 8257
1253872353 7901 12 54 1 19 54 0 0 1 0 10 8257
1253875959 7896 8 58 1 19 54 0 0 1 0 10 8257
1253879559 7895 9 55 1 19 54 0 0 1 0 10 8257
1253883210 7886 18 55 0 19 54 0 0 1 0 10 8258
1253886794 7883 22 55 0 19 54 0 0 1 0 10 8258
1253890365 7883 22 55 0 19 54 0 0 1 0 10 8258
1253893956 7883 22 55 0 19 54 0 0 1 0 10 8258
1253897565 7882 23 55 0 19 54 0 0 1 0 10 8258
1253901188 7923 36 53 4 19 54 0 0 1 0 10 8258
1253904782 7928 37 53 1 19 54 0 0 1 0 10 8258
1253908357 7927 44 51 6 19 54 0 0 1 0 10 8259
1253911957 7932 44 50 10 19 54 0 0 1 0 10 8259
1253915556 7932 45 49 10 19 54 0 0 1 0 10 8259
1253919146 7934 60 48 0 19 54 0 0 1 0 10 8263
1253922745 7931 63 46 0 19 54 0 0 1 0 10 8263
1253926349 7925 61 45 0 19 54 0 0 1 0 10 8263
1253929943 7925 51 55 0 19 54 0 0 1 0 10 8263
1253933543 7925 51 52 3 19 54 0 0 1 0 10 8263
1253937141 7925 51 51 3 19 54 0 0 1 0 10 8263
1253940746 7923 48 55 0 19 54 0 0 1 0 10 8263
1253944340 7923 48 55 0 19 54 0 0 1 0 10 8263
1253947953 7923 48 55 0 19 54 0 0 1 0 10 8263
1253951551 7923 48 55 0 19 54 0 0 1 0 10 8263
1253955144 7923 48 55 0 19 54 0 0 1 0 10 8263
1253958748 7923 48 52 0 19 54 0 0 1 0 10 8263
1253962358 7919 53 51 0 19 54 0 0 1 0 10 8263
1253965976 7918 54 51 0 19 54 0 0 1 0 10 8263
1253969556 7917 55 51 0 19 54 0 0 1 0 10 8263
1253973155 7914 59 51 0 19 54 0 0 1 0 10 8264
1253976746 7913 59 51 0 19 54 0 0 1 0 10 8264
1253980353 7913 59 50 0 19 54 0 0 1 0 10 8264
1253983947 7912 44 50 0 19 54 0 0 1 0 10 8263
1253987552 7905 50 50 0 19 54 0 0 1 0 10 8264
1253991154 7905 51 50 0 19 54 0 0 1 0 10 8265
1253994744 7905 51 50 0 19 54 0 0 1 0 10 8266
1253998343 7904 52 50 0 19 54 0 0 1 0 10 8266
1254001951 7904 52 50 1 19 54 0 0 1 0 10 8266
1254005544 7905 70 50 1 19 54 0 0 1 0 10 8267
1254009143 7902 76 50 0 19 54 0 0 1 0 10 8268
1254012747 7901 77 50 0 19 54 0 0 1 0 10 8268
1254016344 7900 78 50 0 19 54 0 0 1 0 10 8268
1254019943 7900 78 50 0 19 54 0 0 1 0 10 8268
1254023544 7900 79 44 0 19 54 0 0 1 0 10 8268
1254027145 7900 79 42 0 19 54 0 0 1 0 10 8268
1254030752 7900 79 41 0 19 54 0 0 1 0 10 8268
1254034348 7899 70 51 0 19 54 0 0 1 0 10 8268
1254037952 7893 76 51 0 19 54 0 0 1 0 10 8268
1254041547 7893 76 48 0 19 54 0 0 1 0 10 8268
1254045142 7893 76 44 0 19 54 0 0 1 0 10 8268
1254048758 7893 76 44 0 19 54 0 0 1 0 10 8268
1254052361 7891 70 49 0 19 54 0 0 1 0 10 8268
1254055960 7888 72 49 0 19 54 0 0 1 0 10 8268
1254059548 7885 74 47 0 19 54 0 0 1 0 10 8268
1254063152 7883 76 43 0 19 54 0 0 1 0 10 8268
1254066757 7883 66 45 0 19 54 0 0 1 0 10 8268
1254070344 7882 57 47 0 19 54 0 0 1 0 10 8268
1254073958 7870 71 46 0 19 54 0 0 1 0 10 8268
1254077561 7868 72 44 0 19 54 0 0 1 0 10 8268
1254081152 7866 103 53 0 19 54 0 0 1 0 10 8268
1254084751 7864 56 52 0 19 54 0 0 1 0 10 8268
1254088347 7864 56 52 0 19 54 0 0 1 0 10 8268
1254091950 7857 65 47 0 19 54 0 0 1 0 10 8273
1254095545 7851 71 43 0 19 54 0 0 1 0 10 8273
1254099153 7850 52 51 0 19 54 0 0 1 0 10 8273
1254102751 7850 52 46 0 19 54 0 0 1 0 10 8273
1254106343 7849 53 39 0 19 54 0 0 1 0 10 8273
1254109953 7849 53 38 0 19 54 0 0 1 0 10 8273
1254113545 7846 47 45 0 19 54 0 0 1 0 10 8274
1254117146 7846 37 44 0 19 54 0 0 1 0 10 8275
1254120761 7845 38 41 0 19 54 0 0 1 0 10 8275
1254124359 7845 38 38 0 19 54 0 0 1 0 10 8275
1254127992 7845 38 38 0 19 54 0 0 1 0 10 8275
1254131568 7845 28 45 0 19 54 0 0 1 0 10 8275
1254135176 7842 30 42 0 19 54 0 0 1 0 10 8275
1254138779 7842 30 42 0 19 54 0 0 1 0 10 8275
1254142394 7838 42 38 0 19 54 0 0 1 0 10 8287
1254145969 7835 35 43 0 19 54 0 0 1 0 10 8287
1254149590 7834 36 43 0 19 54 0 0 1 0 10 8287
1254153174 7834 36 43 0 19 54 0 0 1 0 10 8287
1254156768 7832 26 43 0 19 54 0 0 1 0 10 8284
1254160375 7825 24 46 0 19 54 0 0 1 0 10 8286
1254163980 7870 28 41 3 19 54 0 0 1 0 10 8286
1254167574 7871 20 45 2 19 54 0 0 1 0 10 8286
1254171153 7873 20 45 3 19 54 0 0 1 0 10 8286
1254174746 7870 20 45 3 19 54 0 0 1 0 10 8286
1254178361 7869 23 45 14 19 54 0 0 1 0 10 8286
1254181958 7873 1 44 0 19 54 0 0 1 0 10 8285
1254185561 7873 1 44 0 19 54 0 0 1 0 10 8285
1254189155 7873 1 44 0 19 54 0 0 1 0 10 8285
1254192750 7873 1 44 0 19 54 0 0 1 0 10 8285
1254196355 7873 1 44 0 19 54 0 0 1 0 10 8285
1254199950 7872 2 44 0 19 54 0 0 1 0 10 8285
1254203548 7871 2 44 0 19 54 0 0 1 0 10 8285
1254207170 7870 2 44 0 19 54 0 0 1 0 10 8285
1254210765 7869 2 44 0 19 54 0 0 1 0 10 8285
1254214400 7868 2 44 0 19 54 0 0 1 0 10 8285
1254217979 7868 2 44 0 19 54 0 0 1 0 10 8285
1254221594 7863 2 44 0 19 54 0 0 1 0 10 8285
1254225176 7861 2 44 0 19 54 0 0 1 0 10 8285
1254228794 7852 2 44 0 19 54 0 0 1 0 10 8286
1254232405 7849 2 44 0 19 54 0 0 1 0 10 8286
1254236032 7848 2 44 0 19 54 0 0 1 0 10 8286
1254239596 7848 2 44 0 19 54 0 0 1 0 10 8286
1254243191 7840 2 44 0 19 54 0 0 1 0 10 8284
1254246800 7840 2 44 0 19 54 0 0 1 0 10 8284
1254250391 7840 2 44 0 19 54 0 0 1 0 10 8284
1254254002 7832 2 43 0 19 54 0 0 1 0 10 8284
1254257591 7831 0 44 16 19 54 0 0 1 0 10 8284
1254261161 7831 0 44 41 19 54 0 0 1 0 10 8284
1254264766 7831 0 43 47 19 54 0 0 1 0 10 8284
1254268350 7874 0 42 3 19 54 0 0 1 0 10 8284
1254271947 7876 0 42 0 19 54 0 0 1 0 10 8284
1254275544 7875 0 42 0 19 54 0 0 1 0 10 8284
1254279144 7875 0 41 0 19 54 0 0 1 0 10 8284
1254282751 7875 0 41 0 19 54 0 0 1 0 10 8284
1254286358 7870 0 41 1 19 54 0 0 1 0 10 8284
1254289946 7874 0 41 0 19 54 0 0 1 0 10 8284
1254293550 7879 0 34 3 19 54 0 0 1 0 10 8284
1254297172 7885 0 34 4 19 54 0 0 1 0 10 8284
1254300756 7889 0 34 9 19 54 0 0 1 0 10 8284
1254304357 7889 0 34 9 19 54 0 0 1 0 10 8284
1254307971 7889 0 34 9 19 54 0 0 1 0 10 8284
1254311562 7897 0 34 0 19 54 0 0 1 0 10 8284
1254315165 7892 0 34 0 19 54 0 0 1 0 10 8285
1254318771 7890 0 34 0 19 54 0 0 1 0 10 8285
1254322376 7890 0 34 0 19 54 0 0 1 0 10 8285
1254325967 7890 0 34 0 19 54 0 0 1 0 10 8285
1254329583 7878 0 34 0 19 54 0 0 1 0 10 8287
1254333197 7874 0 34 0 19 54 0 0 1 0 10 8287
1254336787 7869 0 34 0 19 54 0 0 1 0 10 8287
1254340411 7869 114 44 0 19 54 0 0 1 0 10 8287
1254343979 7868 104 46 1 19 54 0 0 1 0 10 8287
1254347556 7868 104 46 1 19 54 0 0 1 0 10 8287
1254351148 7860 108 43 1 19 54 0 0 1 0 10 8281
1254354745 7846 111 48 0 19 54 0 0 1 0 10 8281
1254358346 7846 101 50 0 19 54 0 0 1 0 10 8281
1254361952 7844 93 49 0 19 54 0 0 1 0 10 8281
1254365545 7842 85 45 0 19 54 0 0 1 0 10 8281
1254369141 7842 75 46 0 19 54 0 0 1 0 10 8281
1254372747 7837 79 41 0 19 54 0 0 1 0 10 8281
1254376361 7837 69 44 0 19 54 0 0 1 0 10 8281
1254384260 7834 72 42 0 19 54 0 0 1 0 10 8281
1254387159 7834 72 42 0 19 54 0 0 1 0 10 8281
1254390763 7834 62 49 0 19 54 0 0 1 0 10 8281
1254394380 7831 54 48 0 19 54 0 0 1 0 10 8281
1254397967 7827 48 52 0 19 54 0 0 1 0 10 8281
1254401573 7820 54 52 0 19 54 0 0 1 0 10 8281
1254405169 7819 55 52 0 19 54 0 0 1 0 10 8281
1254408766 7818 56 48 0 19 54 0 0 1 0 10 8281
1254412411 7818 36 54 0 19 54 0 0 1 0 10 8281
1254415975 7817 37 49 0 19 54 0 0 1 0 10 8281
1254419586 7816 31 50 0 19 55 0 0 1 0 10 8281
1254423207 7813 24 50 0 19 55 0 0 1 0 10 8281
1254426820 7813 14 55 0 19 55 0 0 1 0 10 8281
1254430363 7813 14 45 0 19 55 0 0 1 0 10 8281
1254433950 7813 4 49 0 19 55 0 0 1 0 10 8281
1254437545 7811 3 50 0 19 55 0 0 1 0 10 8281
1254441147 7802 12 48 0 19 55 0 0 1 0 10 8281
1254444748 7802 13 47 0 19 55 0 0 1 0 10 8281
1254448345 7800 14 45 0 19 55 0 0 1 0 10 8281
1254451946 7800 14 41 0 19 55 0 0 1 0 10 8281
1254455540 7800 0 48 0 19 55 0 0 1 0 10 8281
1254459148 7799 0 47 0 19 55 0 0 1 0 10 8281
1254462747 7799 0 47 0 19 55 0 0 1 0 10 8281
1254466369 7799 0 46 0 19 55 0 0 1 0 10 8281
1254469957 7798 0 46 0 19 55 0 0 1 0 10 8281
1254473569 7798 0 46 0 19 55 0 0 1 0 10 8281
1254477182 7798 0 46 0 19 55 0 0 1 0 10 8281
1254480758 7797 0 46 0 19 55 0 0 1 0 10 8281
1254484391 7797 0 46 0 19 55 0 0 1 0 10 8281
1254488000 7793 4 46 0 19 55 0 0 1 0 10 8281
1254491573 7790 0 50 0 19 55 0 0 1 0 10 8284
1254495197 7789 4 49 0 19 55 0 0 1 0 10 8286
1254498763 7789 4 46 0 19 55 0 0 1 0 10 8286
1254502367 7812 1 38 84 19 55 0 0 1 0 10 8286
1254505962 7895 0 36 0 19 54 0 0 1 0 10 8286
