1253638360 7658 5 390 0 54 66 0 0 2 0 21 8245
1253641993 7658 0 395 0 54 66 0 0 2 0 21 8245
1253645585 7656 0 397 0 54 66 0 0 2 0 21 8245
1253649188 7653 0 400 0 54 66 0 0 2 0 21 8245
1253652780 7652 0 401 0 54 66 0 0 2 0 21 8245
1253656346 7652 0 401 0 54 66 0 0 2 0 21 8245
1253659944 7648 0 402 0 54 66 0 0 2 0 21 8242
1253663546 7642 0 408 0 54 66 0 0 2 0 21 8242
1253667145 7641 0 409 0 54 66 0 0 2 0 21 8242
1253670745 7640 0 410 0 54 66 0 0 2 0 21 8242
1253674344 7640 0 410 0 54 66 0 0 2 0 21 8242
1253677946 7640 0 410 0 54 66 0 0 2 0 21 8242
1253681545 7633 2 415 0 53 66 0 0 2 0 21 8242
1253685146 7631 0 418 0 53 66 0 0 2 0 21 8242
1253688748 7629 0 418 0 53 66 0 0 2 0 21 8241
1253692350 7629 0 418 0 53 66 0 0 2 0 21 8241
1253695967 7629 0 418 0 53 66 0 0 2 0 21 8241
1253699558 7629 0 418 0 53 66 0 0 2 0 21 8241
1253703178 7628 0 419 0 53 66 0 0 2 0 21 8241
1253706786 7617 11 356 62 53 66 0 0 2 0 21 8241
1253710375 7820 23 203 14 53 56 0 0 2 0 21 8242
1253713976 7969 29 68 1 53 55 0 0 2 0 21 8242
1253717599 7969 21 73 1 53 55 0 0 2 0 21 8242
1253721192 7969 4 86 1 53 55 0 0 2 0 21 8242
1253724802 7966 6 92 1 53 55 0 0 2 0 21 8240
1253728411 7953 16 100 1 53 55 0 0 2 0 21 8247
1253732017 7949 14 109 1 53 55 0 0 2 0 21 8250
1253735624 7945 6 120 1 53 55 0 0 2 0 21 8250
1253739197 7943 0 128 1 53 55 0 0 2 0 21 8250
1253742748 7943 0 128 1 53 55 0 0 2 0 21 8250
1253746348 7942 0 127 0 53 55 0 0 2 0 21 8251
1253749951 7930 0 126 0 53 55 0 0 2 0 21 8251
1253753544 7930 0 126 0 53 55 0 0 2 0 21 8251
1253757147 7930 0 126 0 53 55 0 0 2 0 21 8251
1253760746 7929 0 126 0 53 55 0 0 2 0 21 8251
1253764342 7929 0 126 0 53 55 0 0 2 0 21 8251
1253767948 7928 0 126 0 53 55 0 0 2 0 21 8251
1253771541 7928 0 126 0 52 55 0 0 2 0 21 8251
1253775162 7927 0 125 0 52 55 0 0 2 0 21 8251
1253778770 7925 0 125 0 52 55 0 0 2 0 21 8251
1253782344 7925 0 125 0 52 55 0 0 2 0 21 8251
1253785954 7925 0 125 0 52 55 0 0 2 0 21 8251
1253789560 7919 0 123 0 52 55 0 0 2 0 21 8251
1253793152 7916 0 122 0 52 55 0 0 2 0 21 8251
1253796761 7914 0 121 0 52 55 0 0 2 0 21 8253
1253800361 7909 0 121 0 52 55 0 0 2 0 21 8253
1253803990 7908 0 121 0 52 55 0 0 2 0 21 8253
1253807571 7908 0 121 0 52 55 0 0 2 0 21 8253
1253811186 7894 1 122 0 52 55 0 0 2 0 21 8254
1253814777 7893 0 124 0 52 55 0 0 2 0 21 8254
1253818392 7888 0 124 0 52 55 0 0 2 0 21 8254
1253821995 7885 0 124 0 52 55 0 0 2 0 21 8254
1253825551 7883 0 124 0 52 55 0 0 2 0 21 8254
1253832747 7883 0 124 0 52 55 0 0 2 0 21 8254
1253836347 7865 0 123 0 52 55 0 0 2 0 21 8254
1253840088 7864 0 123 0 52 55 0 0 2 0 21 8254
1253843542 7861 0 123 0 52 55 0 0 2 0 21 8254
1253847149 7859 0 123 0 52 55 0 0 2 0 21 8254
1253850743 7859 0 123 0 52 55 0 0 2 0 21 8254
1253854351 7859 0 123 0 52 55 0 0 2 0 21 8254
1253857942 7856 0 123 0 52 55 0 0 2 0 21 8254
1253861567 7854 0 123 0 52 55 0 0 2 0 21 8254
1253865152 7853 0 123 0 52 55 0 0 2 0 21 8254
1253868762 7852 0 123 0 52 55 0 0 2 0 21 8254
1253872353 7852 0 123 0 52 55 0 0 2 0 21 8254
1253875959 7847 0 123 0 52 55 0 0 2 0 21 8254
1253879559 7846 0 123 0 52 55 0 0 2 0 21 8254
1253883210 7837 0 123 0 52 55 0 0 2 0 21 8255
1253886794 7834 0 122 0 52 55 0 0 2 0 21 8255
1253890365 7834 0 122 0 52 55 0 0 2 0 21 8255
1253893957 7834 0 122 0 52 55 0 0 2 0 21 8255
1253897565 7833 0 122 0 52 55 0 0 2 0 21 8255
1253901189 7825 0 122 0 52 55 0 0 2 0 21 8255
1253904782 7825 106 124 0 52 55 0 0 2 0 21 8255
1253908357 7819 109 126 0 52 55 0 0 2 0 21 8256
1253911957 7819 96 135 0 52 55 0 0 2 0 21 8256
1253915556 7819 95 136 0 52 55 0 0 2 0 21 8256
1253919146 7807 98 151 0 52 55 0 0 2 0 21 8260
1253922745 7804 96 156 0 52 55 0 0 2 0 21 8260
1253926349 7798 88 159 0 52 55 0 0 2 0 21 8260
1253929943 7798 76 171 0 52 55 0 0 2 0 21 8260
1253933543 7798 64 182 0 52 55 0 0 2 0 21 8260
1253937141 7798 64 182 0 52 55 0 0 2 0 21 8260
1253940746 7793 67 185 0 52 55 0 0 2 0 21 8260
1253944340 7793 66 186 0 52 55 0 0 2 0 21 8260
1253947953 7793 66 186 0 52 55 0 0 2 0 21 8260
1253951552 7793 66 186 0 52 55 0 0 2 0 21 8260
1253955144 7793 66 186 0 52 55 0 0 2 0 21 8260
1253958748 7793 66 186 0 52 55 0 0 2 0 21 8260
1253962358 7790 70 185 0 52 55 0 0 2 0 21 8260
1253965976 7789 71 185 0 52 55 0 0 2 0 21 8260
1253969556 7788 70 187 0 52 55 0 0 2 0 21 8260
1253973155 7785 72 187 0 52 55 0 0 2 0 21 8261
1253976747 7784 72 187 0 52 55 0 0 2 0 21 8261
1253980353 7784 72 186 0 52 55 0 0 2 0 21 8261
1253983947 7783 57 186 0 52 55 0 0 2 0 21 8260
1253987552 7776 62 185 0 52 55 0 0 2 0 21 8261
1253991154 7776 60 188 0 52 55 0 0 2 0 21 8262
1253994744 7776 53 195 0 52 55 0 0 2 0 21 8263
1253998343 7775 53 196 0 52 55 0 0 2 0 21 8263
1254001951 7775 47 202 0 52 55 0 0 2 0 21 8263
1254005544 7776 64 203 0 52 55 0 0 2 0 21 8264
1254009143 7771 69 203 0 52 55 0 0 2 0 21 8265
1254012747 7770 70 203 0 52 55 0 0 2 0 21 8265
1254016344 7769 67 207 0 52 55 0 0 2 0 21 8265
1254019943 7769 56 218 0 52 55 0 0 2 0 21 8265
1254023544 7769 53 221 0 52 55 0 0 2 0 21 8265
1254027145 7769 49 225 0 52 55 0 0 2 0 21 8265
1254030752 7769 41 233 0 52 55 0 0 2 0 21 8265
1254034348 7768 24 251 0 52 55 0 0 2 0 21 8265
1254037952 7762 22 258 0 52 55 0 0 2 0 21 8265
1254041547 7762 15 265 0 52 55 0 0 2 0 21 8265
1254045143 7762 12 268 0 52 55 0 0 2 0 21 8265
1254048758 7762 12 268 0 52 55 0 0 2 0 21 8265
1254052361 7760 12 270 0 52 55 0 0 2 0 21 8265
1254055960 7757 13 271 0 52 55 0 0 2 0 21 8265
1254059548 7755 10 275 0 52 55 0 0 2 0 21 8265
1254063152 7753 11 276 0 52 55 0 0 2 0 21 8265
1254066757 7753 11 276 0 52 55 0 0 2 0 21 8265
1254070344 7752 4 284 0 52 55 0 0 2 0 21 8265
1254073958 7740 13 287 0 52 55 0 0 2 0 21 8265
1254077561 7738 14 287 0 52 55 0 0 2 0 21 8265
1254081152 7736 110 287 0 52 55 0 0 2 0 21 8265
1254084751 7734 17 287 0 52 55 0 0 2 0 21 8265
1254088347 7734 12 292 0 52 55 0 0 2 0 21 8265
1254091950 7726 16 297 0 52 55 0 0 2 0 21 8270
1254095545 7721 20 298 0 52 55 0 0 2 0 21 8270
1254099153 7720 21 298 0 52 55 0 0 2 0 21 8270
1254102751 7720 16 303 0 52 55 0 0 2 0 21 8270
1254106343 7719 15 305 0 52 55 0 0 2 0 21 8270
1254109953 7719 11 309 0 52 55 0 0 2 0 21 8270
1254113545 7715 13 311 0 52 55 0 0 2 0 21 8271
1254117146 7715 11 313 0 52 55 0 0 2 0 21 8272
1254120761 7714 12 313 0 52 55 0 0 2 0 21 8272
1254124359 7714 11 314 0 52 55 0 0 2 0 21 8272
1254127992 7713 10 315 0 52 55 0 0 2 0 21 8272
1254131568 7713 10 315 0 52 55 0 0 2 0 21 8272
1254135176 7710 11 316 0 52 55 0 0 2 0 21 8272
1254138779 7710 10 317 0 52 55 0 0 2 0 21 8272
1254142394 7706 21 316 0 52 55 0 0 2 0 21 8284
1254145969 7703 22 318 0 52 55 0 0 2 0 21 8284
1254149590 7702 11 330 0 52 55 0 0 2 0 21 8284
1254153174 7702 0 341 0 52 55 0 0 2 0 21 8284
1254156768 7700 0 341 0 52 55 0 0 2 0 21 8281
1254160375 7694 8 339 0 52 55 0 0 2 0 21 8283
1254163980 7692 10 339 0 52 55 0 0 2 0 21 8283
1254167574 7691 16 337 0 52 55 0 0 2 0 21 8283
1254171153 7691 16 337 0 52 55 0 0 2 0 21 8283
1254174746 7688 16 337 0 52 55 0 0 2 0 21 8283
1254178362 7687 19 337 0 52 55 0 0 2 0 21 8283
1254181958 7678 1 334 0 52 55 0 0 2 0 21 8283
1254185562 7678 0 335 0 52 55 0 0 2 0 21 8283
1254189155 7678 0 335 0 52 55 0 0 2 0 21 8283
1254192750 7678 0 335 0 52 55 0 0 2 0 21 8283
1254196355 7678 0 335 0 52 55 0 0 2 0 21 8283
1254199951 7677 1 335 0 52 55 0 0 2 0 21 8283
1254203548 7677 0 335 0 52 55 0 0 2 0 21 8283
1254207171 7676 0 335 0 52 55 0 0 2 0 21 8283
1254210765 7675 0 335 0 52 55 0 0 2 0 21 8283
1254214400 7674 0 334 0 52 55 0 0 2 0 21 8283
1254217980 7674 0 334 0 52 55 0 0 2 0 21 8283
1254221594 7669 0 334 0 52 55 0 0 2 0 21 8283
1254225176 7667 0 334 0 52 55 0 0 2 0 21 8283
1254228794 7687 0 305 0 52 55 0 0 2 0 21 8284
1254232406 7695 0 286 8 52 55 0 0 2 0 21 8284
1254236032 7702 0 272 14 52 55 0 0 2 0 21 8284
1254239596 7702 0 266 20 52 55 0 0 2 0 21 8284
1254243191 7715 0 264 0 52 55 0 0 2 0 21 8282
1254246801 7727 0 239 0 52 55 0 0 2 0 21 8281
1254250391 7746 0 72 144 52 55 0 0 2 0 21 8281
1254254002 7887 135 66 1 52 55 0 0 2 0 21 8281
1254257591 7886 135 66 2 52 55 0 0 2 0 21 8281
1254261161 7886 135 66 2 52 55 0 0 2 0 21 8281
1254264766 7886 134 66 2 52 55 0 0 2 0 21 8281
1254268350 7875 124 66 1 52 55 0 0 2 0 21 8281
1254271948 7874 125 66 1 52 55 0 0 2 0 21 8281
1254275544 7872 127 66 1 52 55 0 0 2 0 21 8281
1254279144 7872 127 66 1 52 55 0 0 2 0 21 8281
1254282751 7872 126 67 1 52 55 0 0 2 0 21 8281
1254286358 7867 128 69 1 52 55 0 0 2 0 21 8281
1254289946 7867 128 69 1 52 55 0 0 2 0 21 8281
1254293551 7868 129 67 1 52 55 0 0 2 0 21 8281
1254297172 7866 131 67 1 52 55 0 0 2 0 21 8281
1254300756 7866 128 70 1 52 55 0 0 2 0 21 8281
1254304358 7866 127 68 4 52 55 0 0 2 0 21 8281
1254307972 7866 127 67 5 52 55 0 0 2 0 21 8281
1254311562 7869 127 68 1 52 55 0 0 2 0 21 8281
1254315166 7865 128 71 1 52 55 0 0 2 0 21 8282
1254318771 7863 120 81 1 52 55 0 0 2 0 21 8282
1254322376 7863 118 82 1 52 55 0 0 2 0 21 8282
1254325967 7863 115 85 1 52 55 0 0 2 0 21 8282
1254329583 7861 149 70 7 52 55 0 0 2 0 21 8284
1254333197 7867 148 74 1 52 55 0 0 2 0 21 8284
1254336787 7871 160 61 1 52 55 0 0 2 0 21 8284
1254340411 7868 154 61 1 52 55 0 0 2 0 21 8284
1254343980 7867 151 65 1 52 55 0 0 2 0 21 8284
1254347556 7867 151 61 4 52 55 0 0 2 0 21 8284
1254351148 7861 153 60 5 52 55 0 0 2 0 21 8278
1254354745 7851 180 59 0 52 55 0 0 2 0 21 8278
1254358346 7851 178 61 0 52 55 0 0 2 0 21 8278
1254361952 7849 177 64 0 52 55 0 0 2 0 21 8278
1254365545 7847 177 66 0 52 55 0 0 2 0 21 8278
1254369141 7847 172 71 0 52 55 0 0 2 0 21 8278
1254372747 7842 171 77 0 52 55 0 0 2 0 21 8278
1254376361 7861 165 63 3 52 55 0 0 2 0 21 8278
1254384260 7863 168 64 0 52 55 0 0 2 0 21 8278
1254387159 7863 164 68 0 52 55 0 0 2 0 21 8278
1254390763 7863 161 64 7 52 55 0 0 2 0 21 8278
1254394380 7868 147 78 0 52 55 0 0 2 0 21 8278
1254397968 7879 143 71 0 52 55 0 0 2 0 21 8278
1254401573 7873 141 78 0 52 55 0 0 2 0 21 8278
1254405169 7872 139 81 0 52 55 0 0 2 0 21 8278
1254408766 7871 137 83 0 52 55 0 0 2 0 21 8278
1254412411 7871 137 83 0 52 55 0 0 2 0 21 8278
1254415975 7870 130 73 19 52 55 0 0 2 0 21 8278
1254419586 7897 129 71 0 52 55 0 0 2 0 21 8278
1254423207 7898 128 71 0 52 55 0 0 2 0 21 8278
1254426820 7898 125 68 6 52 55 0 0 2 0 21 8278
1254430364 7904 122 68 3 52 55 0 0 2 0 21 8278
1254433950 7904 122 68 3 52 55 0 0 2 0 21 8278
1254437545 7902 124 68 3 52 55 0 0 2 0 21 8278
1254441147 7896 134 67 0 52 55 0 0 2 0 21 8278
1254444748 7896 134 67 0 52 55 0 0 2 0 21 8278
1254448345 7894 135 67 0 52 55 0 0 2 0 21 8278
1254451946 7894 135 67 0 52 55 0 0 2 0 21 8278
1254455540 7894 133 69 0 52 55 0 0 2 0 21 8278
1254459148 7893 132 70 0 52 55 0 0 2 0 21 8278
1254462747 7893 131 71 0 52 55 0 0 2 0 21 8278
1254466369 7893 131 71 0 52 55 0 0 2 0 21 8278
1254469957 7897 135 67 0 52 55 0 0 2 0 21 8278
1254473569 7897 125 77 0 52 55 0 0 2 0 21 8278
1254477182 7897 125 68 9 52 55 0 0 2 0 21 8278
1254480758 7905 125 69 0 52 55 0 0 2 0 21 8278
1254484391 7904 124 70 1 52 55 0 0 2 0 21 8278
1254488000 7901 123 75 0 52 55 0 0 2 0 21 8278
1254491573 7898 130 74 0 52 55 0 0 2 0 21 8281
1254495197 7896 130 78 0 52 55 0 0 2 0 21 8283
1254498763 7896 127 81 0 52 55 0 0 2 0 21 8283
1254502368 7895 128 81 0 52 55 0 0 2 0 21 8283
1254505963 7892 131 81 0 52 55 0 0 2 0 21 8283
