1253638361 8096 0 92 1 53 16 0 0 0 0 18 8316
1253641993 8096 0 91 1 53 16 0 0 0 0 18 8316
1253645585 8093 0 90 1 53 16 0 0 0 0 18 8316
1253649189 8091 0 91 1 53 16 0 0 0 0 18 8316
1253652781 8090 0 91 1 53 16 0 0 0 0 18 8316
1253656346 8090 0 90 1 53 16 0 0 0 0 18 8316
1253659944 8085 0 81 34 53 16 0 0 0 0 18 8313
1253663546 8110 0 89 1 53 16 0 0 0 0 18 8313
1253667145 8109 0 90 1 53 16 0 0 0 0 18 8313
1253670745 8108 0 91 1 53 16 0 0 0 0 18 8313
1253674344 8108 0 90 1 53 16 0 0 0 0 18 8313
1253677946 8108 0 90 1 53 16 0 0 0 0 18 8313
1253681545 8100 2 94 1 53 16 0 0 0 0 18 8313
1253685146 8097 0 96 1 53 16 0 0 0 0 18 8313
1253688748 8093 0 98 1 53 16 0 0 0 0 18 8312
1253692350 8093 0 98 1 53 16 0 0 0 0 18 8312
1253695967 8093 0 98 1 53 16 0 0 0 0 18 8312
1253699559 8093 0 98 1 53 16 0 0 0 0 18 8312
1253703178 8092 0 98 1 53 16 0 0 0 0 18 8312
1253706786 8080 0 108 1 53 16 0 0 0 0 18 8312
1253710375 8080 0 109 1 53 16 0 0 0 0 18 8313
1253713976 8079 1 108 1 53 16 0 0 0 0 18 8313
1253717599 8079 0 108 1 53 16 0 0 0 0 18 8313
1253721192 8079 0 108 1 53 16 0 0 0 0 18 8313
1253724802 8076 0 109 1 53 16 0 0 0 0 18 8311
1253728411 8064 6 118 1 53 16 0 0 0 0 18 8318
1253732018 8060 2 123 1 53 16 0 0 0 0 18 8321
1253735624 8054 0 129 1 53 16 0 0 0 0 18 8321
1253739197 8052 0 127 1 53 16 0 0 0 0 18 8321
1253742748 8052 0 127 1 53 16 0 0 0 0 18 8321
1253746348 8049 0 127 1 53 16 0 0 0 0 18 8321
1253749951 8036 0 127 1 53 16 0 0 0 0 18 8321
1253753545 8068 0 102 17 53 16 0 0 0 0 18 8321
1253757147 8084 0 101 1 53 16 0 0 0 0 18 8321
1253760746 8083 0 101 1 53 16 0 0 0 0 18 8321
1253764342 8083 0 101 1 53 16 0 0 0 0 18 8321
1253767948 8082 0 101 1 53 16 0 0 0 0 18 8321
1253771541 8081 0 101 1 53 16 0 0 0 0 18 8321
1253775162 8080 0 101 1 52 16 0 0 0 0 18 8321
1253778770 8108 0 71 1 52 16 0 0 0 0 18 8321
1253782344 8108 0 71 1 52 16 0 0 0 0 18 8321
1253785954 8108 0 71 1 52 16 0 0 0 0 18 8321
1253789561 8101 0 71 1 52 16 0 0 0 0 18 8321
1253793152 8097 0 71 1 52 16 0 0 0 0 18 8321
1253796761 8094 0 71 1 52 16 0 0 0 0 18 8323
1253800362 8089 0 71 1 52 16 0 0 0 0 18 8323
1253803991 8088 0 71 1 52 16 0 0 0 0 18 8323
1253807571 8088 0 71 1 52 16 0 0 0 0 18 8323
1253811186 8074 1 71 1 52 16 0 0 0 0 18 8324
1253814777 8073 0 72 1 52 16 0 0 0 0 18 8324
1253818393 8068 0 72 1 52 16 0 0 0 0 18 8324
1253821995 8065 0 72 1 52 16 0 0 0 0 18 8324
1253825551 8063 0 72 1 52 16 0 0 0 0 18 8324
1253832747 8063 0 72 1 52 16 0 0 0 0 18 8324
1253836347 8046 61 85 1 52 16 0 0 0 0 18 8324
1253840088 8045 41 104 2 52 16 0 0 0 0 18 8324
1253843542 8043 34 113 1 52 16 0 0 0 0 18 8324
1253847149 8041 25 119 1 52 16 0 0 0 0 18 8324
1253850743 8041 0 138 1 52 16 0 0 0 0 18 8324
1253854351 8041 0 136 1 52 16 0 0 0 0 18 8324
1253857943 8038 0 139 1 52 16 0 0 0 0 18 8324
1253861568 8037 0 140 1 52 16 0 0 0 0 18 8324
1253865152 8036 0 140 1 52 16 0 0 0 0 18 8324
1253868762 8035 0 141 1 52 16 0 0 0 0 18 8324
1253872353 8035 0 141 1 52 16 0 0 0 0 18 8324
1253875959 8030 0 145 1 52 16 0 0 0 0 18 8324
1253879559 8029 0 145 1 52 16 0 0 0 0 18 8324
1253883210 8020 1 150 1 52 16 0 0 0 0 18 8325
1253886794 8016 0 152 1 52 16 0 0 0 0 18 8325
1253890365 8016 0 152 1 52 16 0 0 0 0 18 8325
1253893957 8016 0 152 1 52 16 0 0 0 0 18 8325
1253897565 8015 0 131 40 52 16 0 0 0 0 18 8325
1253901189 8046 0 136 1 52 16 0 0 0 0 18 8325
1253904782 8045 0 137 1 52 16 0 0 0 0 18 8325
1253908357 8065 0 126 1 52 16 0 0 0 0 18 8326
1253911958 8065 0 124 1 52 16 0 0 0 0 18 8326
1253915556 8065 0 124 1 52 16 0 0 0 0 18 8326
1253919146 8053 7 130 1 52 16 0 0 0 0 18 8330
1253922745 8050 0 140 1 52 16 0 0 0 0 18 8330
1253926349 8046 0 141 1 52 16 0 0 0 0 18 8330
1253929944 8044 0 143 1 52 16 0 0 0 0 18 8330
1253933544 8044 0 142 1 52 16 0 0 0 0 18 8330
1253937141 8044 0 142 1 52 16 0 0 0 0 18 8330
1253940746 8039 0 146 1 52 16 0 0 0 0 18 8330
1253944340 8039 0 146 1 52 16 0 0 0 0 18 8330
1253947953 8039 0 146 1 52 16 0 0 0 0 18 8330
1253951552 8039 0 146 1 52 16 0 0 0 0 18 8330
1253955145 8039 0 146 1 52 16 0 0 0 0 18 8330
1253958748 8039 0 145 1 52 16 0 0 0 0 18 8330
1253962359 8035 1 147 1 52 16 0 0 0 0 18 8330
1253965976 8034 0 149 1 52 16 0 0 0 0 18 8330
1253969556 8033 0 150 1 52 16 0 0 0 0 18 8330
1253973155 8030 0 153 1 52 16 0 0 0 0 18 8331
1253976747 8029 0 153 1 52 16 0 0 0 0 18 8331
1253980353 8029 0 152 1 52 16 0 0 0 0 18 8331
1253983947 8028 0 150 1 52 16 0 0 0 0 18 8330
1253987552 8020 0 154 1 52 16 0 0 0 0 18 8331
1253991154 8020 0 155 1 52 16 0 0 0 0 18 8332
1253994744 8020 0 155 1 52 16 0 0 0 0 18 8333
1253998343 8019 0 156 1 52 16 0 0 0 0 18 8333
1254001951 8019 0 155 1 52 16 0 0 0 0 18 8333
1254005544 8019 0 155 1 52 16 0 0 0 0 18 8333
1254009143 8014 2 164 1 52 16 0 0 0 0 18 8335
1254012747 8013 0 167 1 52 16 0 0 0 0 18 8335
1254016344 8012 0 168 1 52 16 0 0 0 0 18 8335
1254019943 8012 0 168 1 52 16 0 0 0 0 18 8335
1254023545 8011 0 169 1 52 16 0 0 0 0 18 8335
1254027146 8011 0 169 1 52 16 0 0 0 0 18 8335
1254030752 8011 0 169 1 52 16 0 0 0 0 18 8335
1254034348 8010 0 170 1 52 16 0 0 0 0 18 8335
1254037952 8004 0 172 1 52 16 0 0 0 0 18 8335
1254041547 8004 0 96 75 52 16 0 0 0 0 18 8335
1254045143 8004 0 96 75 52 16 0 0 0 0 18 8335
1254048758 8004 0 96 75 52 16 0 0 0 0 18 8335
1254052362 8075 0 91 34 52 16 0 0 0 0 18 8335
1254055961 8104 3 96 1 52 16 0 0 0 0 18 8334
1254059549 8106 0 99 1 52 16 0 0 0 0 18 8334
1254063152 8104 0 101 1 52 16 0 0 0 0 18 8334
1254066757 8104 0 101 1 52 16 0 0 0 0 18 8334
1254070344 8102 0 103 1 52 16 0 0 0 0 18 8334
1254073958 8089 5 108 1 52 16 0 0 0 0 18 8334
1254077561 8094 3 105 1 52 16 0 0 0 0 18 8334
1254081152 8110 12 108 1 52 16 0 0 0 0 18 8334
1254084752 8108 0 112 1 52 16 0 0 0 0 18 8334
1254088347 8108 0 112 1 52 16 0 0 0 0 18 8334
1254091951 8101 2 119 1 52 16 0 0 0 0 18 8339
1254095545 8095 0 127 1 52 16 0 0 0 0 18 8339
1254099153 8094 0 128 1 52 16 0 0 0 0 18 8339
1254102751 8094 0 128 1 52 16 0 0 0 0 18 8339
1254106343 8093 0 129 1 52 16 0 0 0 0 18 8339
1254109953 8093 0 129 1 52 16 0 0 0 0 18 8339
1254113545 8090 0 134 1 51 16 0 0 0 0 18 8340
1254117146 8090 0 134 1 51 16 0 0 0 0 18 8341
1254120761 8089 0 135 1 51 16 0 0 0 0 18 8341
1254124359 8089 0 135 1 51 16 0 0 0 0 18 8341
1254127992 8088 0 136 1 51 16 0 0 0 0 18 8341
1254131568 8088 0 136 1 51 16 0 0 0 0 18 8341
1254135177 8085 0 139 1 51 16 0 0 0 0 18 8341
1254138779 8085 0 139 1 51 16 0 0 0 0 18 8341
1254142394 8097 4 131 1 51 17 0 0 0 0 19 8353
1254145969 8096 0 136 1 51 17 0 0 0 0 19 8353
1254149590 8095 0 137 1 51 17 0 0 0 0 19 8353
1254153175 8095 0 137 1 51 17 0 0 0 0 19 8353
1254156768 8093 0 137 1 51 17 0 0 0 0 19 8350
1254160375 8085 3 143 1 51 17 0 0 0 0 19 8352
1254163981 8083 0 148 1 51 17 0 0 0 0 19 8352
1254167574 8081 0 150 1 51 17 0 0 0 0 19 8352
1254171153 8081 0 150 1 51 17 0 0 0 0 19 8352
1254174746 8078 0 150 1 51 17 0 0 0 0 19 8352
1254178362 8077 0 154 1 51 17 0 0 0 0 19 8352
1254181959 8064 0 154 1 51 17 0 0 0 0 19 8352
1254185562 8064 0 154 1 51 17 0 0 0 0 19 8352
1254189155 8064 0 154 1 51 17 0 0 0 0 19 8352
1254192750 8064 0 154 1 51 17 0 0 0 0 19 8352
1254196355 8064 0 154 1 51 17 0 0 0 0 19 8352
1254199951 8063 0 154 1 51 17 0 0 0 0 19 8352
1254203548 8062 0 153 1 51 17 0 0 0 0 19 8352
1254207171 8061 0 153 1 51 17 0 0 0 0 19 8352
1254210765 8089 0 130 1 51 17 0 0 0 0 19 8352
1254214401 8087 0 130 1 51 17 0 0 0 0 19 8352
1254217980 8087 0 130 1 51 17 0 0 0 0 19 8352
1254221594 8082 0 130 1 51 17 0 0 0 0 19 8352
1254225176 8080 0 130 1 51 17 0 0 0 0 19 8352
1254228795 8071 0 130 1 51 17 0 0 0 0 19 8353
1254232406 8067 0 130 1 51 17 0 0 0 0 19 8353
1254236032 8066 0 130 1 51 17 0 0 0 0 19 8353
1254239596 8066 0 130 1 51 17 0 0 0 0 19 8353
1254243191 8058 0 128 2 51 17 0 0 0 0 19 8351
1254246801 8058 0 127 1 51 15 0 0 0 0 19 8351
1254250391 8069 31 132 1 51 15 0 0 0 0 19 8351
1254254002 8060 24 142 1 51 15 0 0 0 0 19 8351
1254257592 8060 4 156 1 51 15 0 0 0 0 19 8351
1254261161 8060 0 159 1 51 15 0 0 0 0 19 8351
1254264767 8059 0 163 1 51 15 0 0 0 0 19 8351
1254268350 8046 5 169 1 51 15 0 0 0 0 19 8351
1254271948 8046 1 171 1 51 15 0 0 0 0 19 8351
1254275544 8044 1 169 1 51 15 0 0 0 0 19 8351
1254279144 8044 1 169 1 51 15 0 0 0 0 19 8351
1254282751 8044 1 169 1 51 15 0 0 0 0 19 8351
1254286359 8039 1 172 1 51 15 0 0 0 0 19 8351
1254289946 8039 1 170 1 51 15 0 0 0 0 19 8351
1254293551 8040 2 169 1 51 15 0 0 0 0 19 8351
1254297172 8038 2 170 1 51 15 0 0 0 0 19 8351
1254300756 8038 1 170 1 51 15 0 0 0 0 19 8351
1254304358 8038 1 170 1 51 15 0 0 0 0 19 8351
1254307972 8038 1 170 1 51 15 0 0 0 0 19 8351
1254311562 8037 0 172 1 51 15 0 0 0 0 19 8351
1254315166 8033 0 175 1 51 15 0 0 0 0 19 8352
1254318771 8031 0 176 1 51 15 0 0 0 0 19 8352
1254322376 8030 0 177 1 51 15 0 0 0 0 19 8352
1254325967 8030 0 177 1 51 15 0 0 0 0 19 8352
1254329583 8019 4 184 1 51 15 0 0 0 0 19 8354
1254333197 8015 0 186 1 51 15 0 0 0 0 19 8354
1254336787 8013 0 185 2 51 15 0 0 0 0 19 8354
1254340411 8011 0 186 1 51 15 0 0 0 0 19 8354
1254343980 8010 0 186 37 51 15 0 0 0 0 19 8354
1254347556 8010 0 89 134 51 15 0 0 0 0 19 8354
1254351148 8003 0 89 133 51 15 0 0 0 0 19 8348
1254354745 8121 13 97 1 51 15 0 0 0 0 19 8348
1254358346 8121 7 95 12 51 15 0 0 0 0 19 8348
1254361952 8130 9 93 1 51 15 0 0 0 0 19 8348
1254365545 8127 6 95 1 51 15 0 0 0 0 19 8348
1254369141 8127 0 98 1 51 15 0 0 0 0 19 8348
1254372748 8122 0 102 1 51 15 0 0 0 0 19 8348
1254376362 8122 0 100 1 51 15 0 0 0 0 19 8348
1254384260 8118 0 104 1 51 15 0 0 0 0 19 8348
1254387159 8118 0 88 31 51 15 0 0 0 0 19 8348
1254390763 8118 0 88 31 51 15 0 0 0 0 19 8348
1254394380 8145 0 94 1 51 15 0 0 0 0 19 8348
1254397968 8141 0 95 1 51 15 0 0 0 0 19 8348
1254401573 8135 0 95 1 50 15 0 0 0 0 19 8348
1254405169 8134 0 96 1 50 15 0 0 0 0 19 8348
1254408766 8133 0 97 1 50 15 0 0 0 0 19 8348
1254412411 8133 0 97 1 50 15 0 0 0 0 19 8348
1254415975 8132 0 96 3 50 15 0 0 0 0 19 8348
1254419586 8136 0 92 1 50 15 0 0 0 0 19 8348
1254423207 8133 0 93 1 50 15 0 0 0 0 19 8348
1254426820 8133 0 93 1 50 15 0 0 0 0 19 8348
1254430364 8133 0 93 1 50 15 0 0 0 0 19 8348
1254433950 8133 0 90 4 50 15 0 0 0 0 19 8348
1254437545 8131 0 92 17 50 15 0 0 0 0 19 8348
1254441148 8141 0 101 2 49 15 0 0 0 0 19 8348
1254444748 8140 0 99 2 49 15 0 0 0 0 19 8348
1254448345 8138 0 100 2 49 15 0 0 0 0 19 8348
1254451946 8138 0 100 2 49 15 0 0 0 0 19 8348
1254455540 8138 0 100 2 49 15 0 0 0 0 19 8348
1254459148 8137 0 100 2 49 15 0 0 0 0 19 8348
1254462747 8137 0 100 2 49 15 0 0 0 0 19 8348
1254466369 8137 0 100 2 49 15 0 0 0 0 19 8348
1254469958 8135 0 101 2 49 15 0 0 0 0 19 8348
1254473569 8135 0 101 2 49 15 0 0 0 0 19 8348
1254477182 8135 0 101 2 49 15 0 0 0 0 19 8348
1254480759 8141 0 95 2 49 15 0 0 0 0 19 8348
1254484392 8139 0 97 2 49 15 0 0 0 0 19 8348
1254488000 8135 1 99 2 49 15 0 0 0 0 19 8348
1254491573 8133 0 103 1 49 15 0 0 0 0 19 8351
1254495197 8131 0 104 1 49 15 0 0 0 0 19 8353
1254498763 8131 0 104 1 49 15 0 0 0 0 19 8353
1254502368 8135 0 101 6 49 15 0 0 0 0 19 8353
1254505963 8137 0 104 1 49 15 0 0 0 0 19 8353
