1253638361 7980 3 61 1 53 34 0 0 2 0 54 8202
1253641993 7980 0 64 1 53 34 0 0 2 0 54 8202
1253645585 7976 0 68 1 53 34 0 0 2 0 54 8202
1253649189 7973 0 71 1 53 34 0 0 2 0 54 8202
1253652781 7972 0 72 1 53 34 0 0 2 0 54 8202
1253656347 7972 0 72 1 53 34 0 0 2 0 54 8202
1253659945 7967 0 74 1 53 34 0 0 2 0 54 8199
1253663546 7960 0 80 1 53 34 0 0 2 0 54 8199
1253667145 7959 0 81 1 53 34 0 0 2 0 54 8199
1253670745 7958 0 82 1 53 34 0 0 2 0 54 8199
1253674344 7958 0 82 1 53 34 0 0 2 0 54 8199
1253677947 7958 0 82 1 53 34 0 0 2 0 54 8199
1253681545 7950 2 89 0 53 34 0 0 2 0 54 8199
1253685146 7958 1 37 45 53 34 0 0 2 0 54 8199
1253688748 8003 3 40 0 53 34 0 0 2 0 54 8198
1253692350 8003 0 43 0 53 34 0 0 2 0 54 8198
1253695967 8003 0 43 0 53 34 0 0 2 0 54 8198
1253699559 8003 0 43 0 53 34 0 0 2 0 54 8198
1253703178 8002 0 44 0 53 34 0 0 2 0 54 8198
1253706786 7988 0 57 0 53 34 0 0 2 0 54 8198
1253710375 7988 1 57 0 53 34 0 0 2 0 54 8199
1253713976 7987 0 59 0 53 34 0 0 2 0 54 8199
1253717599 7987 0 59 0 53 34 0 0 2 0 54 8199
1253721192 7987 0 59 0 53 34 0 0 2 0 54 8199
1253724802 7984 1 59 0 53 34 0 0 2 0 54 8197
1253728411 7971 0 79 0 53 34 0 0 2 0 54 8204
1253732018 7967 2 84 0 53 34 0 0 2 0 54 8207
1253735624 7962 0 90 0 53 34 0 0 2 0 54 8207
1253739197 7960 0 92 0 53 34 0 0 2 0 54 8207
1253742748 7960 0 92 0 53 34 0 0 2 0 54 8207
1253746348 7957 0 92 0 53 34 0 0 2 0 54 8208
1253749951 7944 0 92 0 53 34 0 0 2 0 54 8208
1253753545 7944 0 92 0 53 34 0 0 2 0 54 8208
1253757148 7943 0 92 0 53 34 0 0 2 0 54 8208
1253760746 7942 0 92 0 53 34 0 0 2 0 54 8208
1253764342 7942 0 92 0 53 34 0 0 2 0 54 8208
1253767949 7941 0 92 0 53 34 0 0 2 0 54 8208
1253771541 7941 0 92 0 52 34 0 0 2 0 54 8208
1253775162 7939 0 92 0 52 34 0 0 2 0 54 8208
1253778771 7937 0 92 0 52 34 0 0 2 0 54 8208
1253782344 7937 0 92 0 52 34 0 0 2 0 54 8208
1253785954 7937 0 92 0 52 34 0 0 2 0 54 8208
1253789561 7931 0 90 0 52 34 0 0 2 0 54 8208
1253793152 7928 0 89 0 52 34 0 0 2 0 54 8208
1253796761 7926 0 88 0 52 34 0 0 2 0 54 8210
1253800362 7921 0 88 0 52 34 0 0 2 0 54 8210
1253803991 7920 0 33 55 52 34 0 0 2 0 54 8210
1253807571 7920 0 33 55 52 34 0 0 2 0 54 8210
1253811186 7961 0 35 0 52 34 0 0 2 0 54 8211
1253814777 7960 0 36 0 52 34 0 0 2 0 54 8211
1253818393 7955 0 36 0 52 34 0 0 2 0 54 8211
1253821996 7952 0 36 0 52 34 0 0 2 0 54 8211
1253825551 7950 0 36 0 52 34 0 0 2 0 54 8211
1253832748 7950 0 36 0 52 34 0 0 2 0 54 8211
1253836347 7932 0 36 0 52 34 0 0 2 0 54 8211
1253840088 7931 0 36 0 52 34 0 0 2 0 54 8211
1253843542 7928 0 36 0 52 34 0 0 2 0 54 8211
1253847149 7926 0 36 0 52 34 0 0 2 0 54 8211
1253850743 7926 0 36 0 52 34 0 0 2 0 54 8211
1253854351 7926 0 36 0 52 34 0 0 2 0 54 8211
1253857943 7923 0 36 0 52 34 0 0 2 0 54 8211
1253861568 7921 0 36 0 52 34 0 0 2 0 54 8211
1253865152 7920 0 36 0 52 34 0 0 2 0 54 8211
1253868762 7919 0 36 0 52 34 0 0 2 0 54 8211
1253872353 7919 0 36 0 52 34 0 0 2 0 54 8211
1253875960 7914 0 36 0 52 34 0 0 2 0 54 8211
1253879559 7913 0 36 0 52 34 0 0 2 0 54 8211
1253883210 7903 0 36 0 52 34 0 0 2 0 54 8212
1253886794 7900 0 35 0 52 34 0 0 2 0 54 8212
1253890365 7900 0 32 3 52 34 0 0 2 0 54 8212
1253893957 7900 0 32 3 52 34 0 0 2 0 54 8212
1253897566 7899 0 32 3 52 34 0 0 2 0 54 8212
1253901189 7894 88 59 0 52 34 0 0 2 0 54 8212
1253904782 7893 59 89 0 52 34 0 0 2 0 54 8212
1253908357 7887 57 96 0 52 34 0 0 2 0 54 8213
1253911958 7887 44 108 0 52 34 0 0 2 0 54 8213
1253915556 7887 31 121 0 52 34 0 0 2 0 54 8213
1253919146 7873 10 158 0 52 34 0 0 2 0 54 8217
1253922745 7870 4 167 0 52 34 0 0 2 0 54 8217
1253926350 7885 0 38 116 52 34 0 0 2 0 54 8217
1253929944 7999 2 52 0 52 34 0 0 2 0 54 8217
1253933544 7999 0 54 0 52 34 0 0 2 0 54 8217
1253937141 7999 0 54 0 52 34 0 0 2 0 54 8217
1253940747 7994 0 59 0 52 34 0 0 2 0 54 8217
1253944340 7994 0 59 0 52 34 0 0 2 0 54 8217
1253947953 7994 0 59 0 52 34 0 0 2 0 54 8217
1253951552 7994 0 59 0 52 34 0 0 2 0 54 8217
1253955145 7994 0 59 0 52 34 0 0 2 0 54 8217
1253958748 7994 0 59 0 52 34 0 0 2 0 54 8217
1253962359 7991 0 62 0 52 34 0 0 2 0 54 8217
1253965976 7989 0 64 0 52 34 0 0 2 0 54 8217
1253969556 7988 1 64 0 52 34 0 0 2 0 54 8217
1253973155 7985 0 68 0 52 34 0 0 2 0 54 8218
1253976747 7984 0 45 24 52 34 0 0 2 0 54 8218
1253980353 7984 0 38 30 52 34 0 0 2 0 54 8218
1253983947 7983 0 38 30 52 34 0 0 2 0 54 8217
1253987552 8006 0 43 0 52 34 0 0 2 0 54 8218
1253991154 8006 0 44 0 52 34 0 0 2 0 54 8219
1253994744 8006 0 44 0 52 34 0 0 2 0 54 8220
1253998343 8005 0 45 0 52 34 0 0 2 0 54 8220
1254001951 8005 0 45 0 52 34 0 0 2 0 54 8220
1254005544 8005 0 45 0 52 34 0 0 2 0 54 8220
1254009143 8001 3 60 0 52 34 0 0 2 0 54 8222
1254012747 8000 0 64 0 52 34 0 0 2 0 54 8222
1254016344 7999 0 65 0 52 34 0 0 2 0 54 8222
1254019944 7999 0 37 28 52 34 0 0 2 0 54 8222
1254023545 7998 0 38 28 52 34 0 0 2 0 54 8222
1254027146 8025 0 39 0 52 34 0 0 2 0 54 8221
1254030752 8025 0 39 0 52 34 0 0 2 0 54 8221
1254034348 8024 0 40 0 52 34 0 0 2 0 54 8221
1254037952 8016 0 48 0 52 34 0 0 2 0 54 8221
1254041547 8016 0 48 0 52 34 0 0 2 0 54 8221
1254045143 8016 0 48 0 52 34 0 0 2 0 54 8221
1254048758 8016 0 48 0 52 34 0 0 2 0 54 8221
1254052362 8013 0 51 0 52 34 0 0 2 0 54 8221
1254055961 8010 0 53 0 52 34 0 0 2 0 54 8221
1254059549 8007 1 55 0 52 34 0 0 2 0 54 8221
1254063152 8005 0 58 0 52 34 0 0 2 0 54 8221
1254066757 8005 0 58 0 52 34 0 0 2 0 54 8221
1254070345 8003 0 60 0 52 34 0 0 2 0 54 8221
1254073958 7990 3 41 29 52 34 0 0 2 0 54 8221
1254077561 8017 0 47 0 52 34 0 0 2 0 54 8221
1254081153 8015 0 49 0 52 34 0 0 2 0 54 8221
1254084752 8013 0 51 0 52 34 0 0 2 0 54 8221
1254088347 8013 0 51 0 52 34 0 0 2 0 54 8221
1254091951 8006 9 53 0 52 34 0 0 2 0 54 8226
1254095545 8000 6 62 0 52 34 0 0 2 0 54 8226
1254099153 7999 0 69 0 52 34 0 0 2 0 54 8226
1254102751 7999 0 69 0 52 34 0 0 2 0 54 8226
1254106343 7998 0 70 0 52 34 0 0 2 0 54 8226
1254109953 7998 0 70 0 52 34 0 0 2 0 54 8226
1254113545 7994 0 75 0 52 34 0 0 2 0 54 8227
1254117146 7994 0 75 0 52 34 0 0 2 0 54 8228
1254120761 7993 0 76 0 52 34 0 0 2 0 54 8228
1254124359 7993 0 76 0 52 34 0 0 2 0 54 8228
1254127992 7992 0 77 0 52 34 0 0 2 0 54 8228
1254131568 7992 0 77 0 52 34 0 0 2 0 54 8228
1254135177 7991 0 78 0 52 34 0 0 2 0 54 8228
1254138779 7991 0 78 0 52 34 0 0 2 0 54 8228
1254142394 7987 4 87 0 52 34 0 0 2 0 54 8240
1254145969 7984 0 94 0 52 34 0 0 2 0 54 8240
1254149591 7983 0 37 58 52 34 0 0 2 0 54 8240
1254153175 7983 0 37 58 52 34 0 0 2 0 54 8240
1254156768 7981 0 37 57 52 34 0 0 2 0 54 8237
1254160375 8030 0 51 0 52 34 0 0 2 0 54 8239
1254163981 8028 0 53 0 52 34 0 0 2 0 54 8239
1254167574 8026 0 55 0 52 34 0 0 2 0 54 8239
1254171153 8027 0 55 0 52 34 0 0 2 0 54 8240
1254174746 8024 0 55 0 52 34 0 0 2 0 54 8240
1254178362 8023 0 59 0 52 34 0 0 2 0 54 8240
1254181959 8011 0 58 0 52 34 0 0 2 0 54 8240
1254185562 8011 0 58 0 52 34 0 0 2 0 54 8240
1254189156 8011 0 58 0 52 34 0 0 2 0 54 8240
1254192751 8011 0 58 0 52 34 0 0 2 0 54 8240
1254196355 8011 0 58 0 52 34 0 0 2 0 54 8240
1254199951 8009 0 59 0 52 34 0 0 2 0 54 8240
1254203548 8008 0 59 0 52 34 0 0 2 0 54 8240
1254207171 8007 0 59 0 52 34 0 0 2 0 54 8240
1254210765 8006 0 59 0 52 34 0 0 2 0 54 8240
1254214401 8005 0 58 0 52 34 0 0 2 0 54 8240
1254217980 8005 0 58 0 52 34 0 0 2 0 54 8240
1254221594 8000 0 58 0 52 34 0 0 2 0 54 8240
1254225176 7998 0 58 0 52 34 0 0 2 0 54 8240
1254228795 7989 0 58 0 52 34 0 0 2 0 54 8241
1254232406 7985 0 58 0 52 34 0 0 2 0 54 8241
1254236032 7984 0 58 0 52 34 0 0 2 0 54 8241
1254239596 7984 0 58 0 52 34 0 0 2 0 54 8241
1254243192 7974 0 59 0 52 34 0 0 2 0 54 8239
1254246801 7974 0 59 0 52 34 0 0 2 0 54 8239
1254250391 7974 0 59 0 52 34 0 0 2 0 54 8239
1254254003 7965 0 59 0 52 34 0 0 2 0 54 8239
1254257592 7964 0 59 0 52 34 0 0 2 0 54 8239
1254261161 7964 0 59 0 52 34 0 0 2 0 54 8239
1254264767 7964 0 58 0 52 34 0 0 2 0 54 8239
1254268351 7951 0 58 0 52 34 0 0 2 0 54 8239
1254271948 7950 0 58 0 52 34 0 0 2 0 54 8239
1254275545 7948 0 58 0 52 34 0 0 2 0 54 8239
1254279144 7948 0 58 0 52 34 0 0 2 0 54 8239
1254282751 7948 0 38 20 52 34 0 0 2 0 54 8239
1254286359 7963 64 44 0 52 34 0 0 2 0 54 8239
1254289946 7963 46 62 0 52 34 0 0 2 0 54 8239
1254293551 7963 32 76 0 52 34 0 0 2 0 54 8239
1254297172 7961 29 81 0 52 34 0 0 2 0 54 8239
1254300757 7961 19 91 0 52 34 0 0 2 0 54 8239
1254304358 7961 12 98 0 52 34 0 0 2 0 54 8239
1254307972 7961 1 109 0 52 34 0 0 2 0 54 8239
1254311563 7960 0 111 0 52 34 0 0 2 0 54 8239
1254315166 7955 0 116 0 52 34 0 0 2 0 54 8240
1254318772 7953 0 118 0 52 34 0 0 2 0 54 8240
1254322376 7952 0 119 0 52 34 0 0 2 0 54 8240
1254325968 7952 0 119 0 52 34 0 0 2 0 54 8240
1254329583 7941 2 128 0 52 34 0 0 2 0 54 8242
1254333197 7937 0 134 0 52 34 0 0 2 0 54 8242
1254336787 7932 0 137 0 52 34 0 0 2 0 54 8242
1254340411 7929 0 140 0 52 34 0 0 2 0 54 8242
1254343980 7928 0 141 0 52 34 0 0 2 0 54 8242
1254347556 7928 0 141 0 52 34 0 0 2 0 54 8242
1254351148 7920 0 145 0 51 34 0 0 2 0 54 8236
1254354745 7902 1 158 0 51 34 0 0 2 0 54 8236
1254358346 7902 0 159 0 51 34 0 0 2 0 54 8236
1254361952 7900 0 129 32 51 34 0 0 2 0 54 8236
1254365545 7924 0 47 91 51 34 0 0 2 0 54 8236
1254369141 7924 0 47 91 51 34 0 0 2 0 54 8236
1254372748 8010 15 55 0 51 34 0 0 2 0 54 8236
1254376362 8010 0 70 0 51 34 0 0 2 0 54 8236
1254384260 8006 0 74 0 51 34 0 0 2 0 54 8236
1254387160 8006 0 74 0 51 34 0 0 2 0 54 8236
1254390763 8006 0 74 0 51 34 0 0 2 0 54 8236
1254394380 8003 1 76 0 51 34 0 0 2 0 54 8236
1254397968 7999 0 81 0 51 34 0 0 2 0 54 8236
1254401574 7993 0 87 0 50 34 0 0 2 0 54 8236
1254405169 7992 0 88 0 50 34 0 0 2 0 54 8236
1254408766 7991 0 89 0 50 34 0 0 2 0 54 8236
1254412411 7991 0 51 38 50 34 0 0 2 0 54 8236
1254415975 7990 0 52 38 50 34 0 0 2 0 54 8236
1254419586 8027 0 57 0 50 34 0 0 2 0 54 8236
1254423207 8024 0 60 0 50 34 0 0 2 0 54 8236
1254426820 8024 0 60 0 50 34 0 0 2 0 54 8236
1254430364 8024 0 59 0 50 34 0 0 2 0 54 8236
1254433950 8024 0 59 0 50 34 0 0 2 0 54 8236
1254437545 8022 0 62 0 50 34 0 0 2 0 54 8236
1254441148 8012 0 73 0 49 34 0 0 2 0 54 8236
1254444748 8011 0 74 0 49 34 0 0 2 0 54 8236
1254448345 8009 0 76 0 49 34 0 0 2 0 54 8236
1254451946 8009 0 76 0 49 34 0 0 2 0 54 8236
1254455540 8009 0 76 0 49 34 0 0 2 0 54 8236
1254459148 8008 0 76 0 49 34 0 0 2 0 54 8236
1254462747 8008 0 76 0 49 34 0 0 2 0 54 8236
1254466369 8008 0 76 0 49 34 0 0 2 0 54 8236
1254469958 8006 0 78 0 49 34 0 0 2 0 54 8236
1254473569 8006 0 78 0 49 34 0 0 2 0 54 8236
1254477182 8006 0 78 0 49 34 0 0 2 0 54 8236
1254480759 8005 0 79 0 49 34 0 0 2 0 54 8236
1254484392 8004 0 80 0 49 34 0 0 2 0 54 8236
1254488000 8000 0 84 0 49 34 0 0 2 0 54 8236
1254491573 7997 0 89 0 49 34 0 0 2 0 54 8239
1254495197 7995 0 93 0 49 34 0 0 2 0 54 8241
1254498763 7995 0 93 0 49 34 0 0 2 0 54 8241
1254502368 7994 0 94 0 49 34 0 0 2 0 54 8241
1254505963 7991 0 97 0 49 34 0 0 2 0 54 8241
