1253638361 7761 79 260 0 59 37 0 0 0 0 26 8263
1253641993 7761 79 260 0 59 37 0 0 0 0 26 8263
1253645585 7759 81 260 0 59 37 0 0 0 0 26 8263
1253649189 7756 84 260 0 59 37 0 0 0 0 26 8263
1253652781 7755 85 65 195 59 37 0 0 0 0 26 8263
1253656347 7755 84 56 205 59 37 0 0 0 0 26 8263
1253659945 7751 82 60 204 59 37 0 0 0 0 26 8260
1253663547 7947 102 61 1 59 23 0 0 0 0 26 8260
1253667146 7946 100 64 1 59 23 0 0 0 0 26 8260
1253670745 7945 97 68 1 59 23 0 0 0 0 26 8260
1253674344 7945 96 69 1 59 23 0 0 0 0 26 8260
1253677947 7945 92 73 1 59 23 0 0 0 0 26 8260
1253681545 7938 98 73 1 59 23 0 0 0 0 26 8260
1253685147 7933 100 75 1 59 23 0 0 0 0 26 8260
1253688749 7930 101 75 1 59 23 0 0 0 0 26 8259
1253692350 7930 100 76 1 59 23 0 0 0 0 26 8259
1253695967 7930 99 77 1 59 23 0 0 0 0 26 8259
1253699559 7930 98 78 1 59 23 0 0 0 0 26 8259
1253703178 7929 99 78 1 59 23 0 0 0 0 26 8259
1253706786 7916 112 77 1 59 23 0 0 0 0 26 8259
1253710375 7916 113 77 1 59 23 0 0 0 0 26 8260
1253713976 7915 112 79 1 59 23 0 0 0 0 26 8260
1253717599 7915 111 80 1 59 23 0 0 0 0 26 8260
1253721192 7915 111 80 1 59 23 0 0 0 0 26 8260
1253724802 7912 111 81 1 59 23 0 0 0 0 26 8258
1253728411 7901 126 82 1 59 23 0 0 0 0 26 8265
1253732018 7897 133 82 1 59 23 0 0 0 0 26 8268
1253735625 7892 137 82 1 59 23 0 0 0 0 26 8268
1253739197 7890 137 83 1 59 23 0 0 0 0 26 8268
1253742748 7890 137 83 1 59 23 0 0 0 0 26 8268
1253746348 7890 0 83 0 59 23 0 0 0 0 26 8269
1253749951 7877 0 83 0 59 23 0 0 0 0 26 8269
1253753545 7877 0 83 0 59 23 0 0 0 0 26 8269
1253757148 7876 0 83 0 59 23 0 0 0 0 26 8269
1253760746 7875 0 83 0 59 23 0 0 0 0 26 8269
1253764342 7875 0 83 0 59 23 0 0 0 0 26 8269
1253767949 7874 0 83 0 59 23 0 0 0 0 26 8269
1253771541 7874 0 83 0 59 23 0 0 0 0 26 8269
1253775162 7872 0 83 0 59 23 0 0 0 0 26 8269
1253778771 7870 0 83 0 59 23 0 0 0 0 26 8269
1253782344 7870 0 83 0 59 23 0 0 0 0 26 8269
1253785954 7870 0 83 0 59 23 0 0 0 0 26 8269
1253789561 7864 0 83 0 59 23 0 0 0 0 26 8269
1253793152 7861 0 83 0 59 23 0 0 0 0 26 8269
1253796761 7859 0 83 0 59 23 0 0 0 0 26 8271
1253800362 7854 0 83 0 59 23 0 0 0 0 26 8271
1253803991 7853 0 83 0 59 23 0 0 0 0 26 8271
1253807571 7853 0 83 0 59 23 0 0 0 0 26 8271
1253811186 7839 1 84 0 59 23 0 0 0 0 26 8272
1253814777 7838 0 86 0 59 23 0 0 0 0 26 8272
1253818393 7833 0 86 0 59 23 0 0 0 0 26 8272
1253821996 7830 0 86 0 59 23 0 0 0 0 26 8272
1253825551 7828 0 86 0 59 23 0 0 0 0 26 8272
1253832748 7828 0 86 0 59 23 0 0 0 0 26 8272
1253836347 7811 0 84 0 59 23 0 0 0 0 26 8272
1253840088 7810 0 84 0 59 23 0 0 0 0 26 8272
1253843542 7807 0 84 0 59 23 0 0 0 0 26 8272
1253847149 7805 0 84 0 59 23 0 0 0 0 26 8272
1253850743 7805 0 84 0 59 23 0 0 0 0 26 8272
1253854351 7805 0 84 0 59 23 0 0 0 0 26 8272
1253857943 7802 0 84 0 59 23 0 0 0 0 26 8272
1253861568 7800 0 84 0 59 23 0 0 0 0 26 8272
1253865152 7799 0 84 0 59 23 0 0 0 0 26 8272
1253868763 7798 0 84 0 59 23 0 0 0 0 26 8272
1253872353 7798 0 84 0 59 23 0 0 0 0 26 8272
1253875960 7793 0 84 0 59 23 0 0 0 0 26 8272
1253879559 7792 0 84 0 59 23 0 0 0 0 26 8272
1253883210 7783 0 84 0 59 23 0 0 0 0 26 8273
1253886794 7780 0 84 0 59 23 0 0 0 0 26 8273
1253890365 7780 0 84 0 59 23 0 0 0 0 26 8273
1253893957 7780 0 84 0 59 23 0 0 0 0 26 8273
1253897566 7779 0 84 0 59 23 0 0 0 0 26 8273
1253901189 7771 0 84 0 59 23 0 0 0 0 26 8273
1253904782 7771 231 84 0 59 23 0 0 0 0 26 8273
1253908357 7766 235 84 0 59 23 0 0 0 0 26 8274
1253911958 7766 228 90 0 59 23 0 0 0 0 26 8274
1253915556 7766 223 95 0 59 23 0 0 0 0 26 8274
1253919147 7752 237 97 0 59 23 0 0 0 0 26 8278
1253922745 7749 236 101 0 59 23 0 0 0 0 26 8278
1253926350 7745 224 103 0 59 23 0 0 0 0 26 8278
1253929944 7743 226 103 0 59 23 0 0 0 0 26 8278
1253933544 7743 223 106 0 59 23 0 0 0 0 26 8278
1253937141 7743 222 107 0 59 23 0 0 0 0 26 8278
1253940747 7738 227 107 0 59 23 0 0 0 0 26 8278
1253944340 7738 227 107 0 59 23 0 0 0 0 26 8278
1253947954 7738 227 107 0 59 23 0 0 0 0 26 8278
1253951552 7738 227 107 0 59 23 0 0 0 0 26 8278
1253955145 7738 227 107 0 59 23 0 0 0 0 26 8278
1253958748 7738 227 107 0 59 23 0 0 0 0 26 8278
1253962359 7736 230 106 0 59 23 0 0 0 0 26 8278
1253965977 7734 232 106 0 59 23 0 0 0 0 26 8278
1253969556 7733 233 106 0 59 23 0 0 0 0 26 8278
1253973155 7730 234 107 0 59 23 0 0 0 0 26 8279
1253976747 7729 233 108 0 59 23 0 0 0 0 26 8279
1253980353 7729 233 107 0 59 23 0 0 0 0 26 8279
1253983947 7728 179 107 0 59 23 0 0 0 0 26 8278
1253987552 7721 184 106 0 59 23 0 0 0 0 26 8279
1253991155 7721 185 106 0 59 23 0 0 0 0 26 8280
1253994744 7721 185 106 0 59 23 0 0 0 0 26 8281
1253998343 7720 186 106 0 59 23 0 0 0 0 26 8281
1254001951 7720 186 106 0 59 23 0 0 0 0 26 8281
1254005544 7720 186 106 0 59 23 0 0 0 0 26 8281
1254009143 7717 248 105 0 59 23 0 0 0 0 26 8283
1254012747 7716 249 105 0 59 23 0 0 0 0 26 8283
1254016344 7715 250 105 0 59 23 0 0 0 0 26 8283
1254019944 7715 249 106 0 59 23 0 0 0 0 26 8283
1254023545 7715 249 106 0 59 23 0 0 0 0 26 8283
1254027146 7715 249 106 0 59 23 0 0 0 0 26 8283
1254030752 7715 246 109 0 59 23 0 0 0 0 26 8283
1254034348 7714 246 110 0 59 23 0 0 0 0 26 8283
1254037952 7709 251 109 0 59 23 0 0 0 0 26 8283
1254041547 7709 251 109 0 59 23 0 0 0 0 26 8283
1254045143 7709 251 109 0 59 23 0 0 0 0 26 8283
1254048758 7709 251 109 0 59 23 0 0 0 0 26 8283
1254052362 7707 254 108 0 59 23 0 0 0 0 26 8283
1254055961 7704 253 111 0 59 23 0 0 0 0 26 8283
1254059549 7702 254 111 0 59 23 0 0 0 0 26 8283
1254063152 7700 256 111 0 59 23 0 0 0 0 26 8283
1254066757 7700 253 114 0 59 23 0 0 0 0 26 8283
1254070345 7699 248 120 0 59 23 0 0 0 0 26 8283
1254073958 7688 258 124 0 59 23 0 0 0 0 26 8283
1254077561 7686 259 124 0 59 23 0 0 0 0 26 8283
1254081153 7684 260 124 0 59 23 0 0 0 0 26 8283
1254084752 7682 262 124 0 59 23 0 0 0 0 26 8283
1254088347 7682 262 124 0 59 23 0 0 0 0 26 8283
1254091951 7676 270 122 0 59 23 0 0 0 0 26 8288
1254095545 7671 275 122 0 59 23 0 0 0 0 26 8288
1254099153 7670 275 123 0 59 23 0 0 0 0 26 8288
1254102751 7670 275 123 0 59 23 0 0 0 0 26 8288
1254106343 7669 276 123 0 59 23 0 0 0 0 26 8288
1254109953 7669 275 124 0 59 23 0 0 0 0 26 8288
1254113545 7666 274 127 0 59 23 0 0 0 0 26 8289
1254117146 7666 274 127 0 59 23 0 0 0 0 26 8290
1254120761 7665 273 129 0 59 23 0 0 0 0 26 8290
1254124359 7665 269 133 0 59 23 0 0 0 0 26 8290
1254127992 7664 268 134 0 59 23 0 0 0 0 26 8290
1254131568 7664 266 136 0 59 23 0 0 0 0 26 8290
1254135177 7661 266 137 0 59 23 0 0 0 0 26 8290
1254138779 7661 262 141 0 59 23 0 0 0 0 26 8290
1254142394 7657 269 144 0 59 23 0 0 0 0 26 8302
1254145970 7654 270 146 0 59 23 0 0 0 0 26 8302
1254149591 7653 271 146 0 59 23 0 0 0 0 26 8302
1254153175 7653 271 146 0 59 23 0 0 0 0 26 8302
1254156769 7651 271 146 0 59 23 0 0 0 0 26 8299
1254160375 7645 278 145 0 59 23 0 0 0 0 26 8301
1254163981 7643 280 145 0 59 23 0 0 0 0 26 8301
1254167574 7642 285 144 0 59 23 0 0 0 0 26 8301
1254171154 7642 285 144 0 59 23 0 0 0 0 26 8301
1254174746 7642 285 144 0 59 23 0 0 0 0 26 8301
1254178362 7641 286 144 0 59 23 0 0 0 0 26 8301
1254181959 7631 2 143 0 59 23 0 0 0 0 26 8301
1254185562 7632 2 143 0 59 23 0 0 0 0 26 8302
1254189156 7632 1 144 0 59 23 0 0 0 0 26 8302
1254192751 7632 1 144 0 59 23 0 0 0 0 26 8302
1254196355 7632 1 144 0 59 23 0 0 0 0 26 8302
1254199951 7631 2 144 0 59 23 0 0 0 0 26 8302
1254203548 7631 0 145 0 59 23 0 0 0 0 26 8302
1254207171 7632 0 143 0 59 23 0 0 0 0 26 8302
1254210765 7631 0 143 0 59 23 0 0 0 0 26 8302
1254214401 7630 0 143 0 59 23 0 0 0 0 26 8302
1254217980 7630 0 143 0 59 23 0 0 0 0 26 8302
1254221594 7625 0 143 0 59 23 0 0 0 0 26 8302
1254225176 7623 0 143 0 59 23 0 0 0 0 26 8302
1254228795 7628 306 132 2 59 23 0 0 0 0 26 8303
1254232406 7631 307 125 6 59 23 0 0 0 0 26 8303
1254236033 7634 309 117 10 59 23 0 0 0 0 26 8303
1254239596 7634 309 112 15 59 23 0 0 0 0 26 8303
1254243192 7640 314 111 2 59 23 0 0 0 0 26 8301
1254246801 7648 314 103 2 59 23 0 0 0 0 26 8301
1254250391 7656 315 57 42 59 23 0 0 0 0 26 8301
1254254003 7698 351 50 4 59 23 0 0 0 0 26 8301
1254257592 7698 350 51 6 59 23 0 0 0 0 26 8301
1254261161 7698 349 52 6 59 23 0 0 0 0 26 8301
1254264767 7698 343 57 6 59 23 0 0 0 0 26 8301
1254268351 7688 331 61 3 59 23 0 0 0 0 26 8301
1254271948 7687 332 61 3 59 23 0 0 0 0 26 8301
1254275545 7686 333 61 3 59 23 0 0 0 0 26 8301
1254279144 7686 333 61 3 59 23 0 0 0 0 26 8301
1254282751 7686 332 62 3 59 23 0 0 0 0 26 8301
1254286359 7681 336 62 3 59 23 0 0 0 0 26 8301
1254289946 7681 334 64 3 59 23 0 0 0 0 26 8301
1254293551 7694 329 57 3 59 23 0 0 0 0 26 8301
1254297172 7691 329 59 3 59 23 0 0 0 0 26 8301
1254300757 7691 329 51 11 59 23 0 0 0 0 26 8301
1254304358 7691 310 66 15 59 23 0 0 0 0 26 8301
1254307972 7699 317 52 14 59 23 0 0 0 0 26 8301
1254311563 7709 316 52 5 59 23 0 0 0 0 26 8301
1254315166 7707 316 55 3 59 23 0 0 0 0 26 8302
1254318772 7709 318 51 3 59 23 0 0 0 0 26 8302
1254322376 7709 316 53 3 59 23 0 0 0 0 26 8302
1254325968 7709 310 55 5 59 23 0 0 0 0 26 8302
1254329583 7707 320 50 4 59 23 0 0 0 0 26 8304
1254333198 7708 335 55 3 59 23 0 0 0 0 26 8304
1254336787 7710 336 50 3 59 23 0 0 0 0 26 8304
1254340411 7707 321 50 3 59 23 0 0 0 0 26 8304
1254343980 7706 321 51 3 59 23 0 0 0 0 26 8304
1254347556 7706 312 58 5 59 23 0 0 0 0 26 8304
1254351148 7699 289 57 31 59 23 0 0 0 0 26 8298
1254354746 7721 328 60 3 59 23 0 0 0 0 26 8298
1254358347 7721 323 65 3 59 23 0 0 0 0 26 8298
1254361952 7719 322 68 3 59 23 0 0 0 0 26 8298
1254365545 7717 322 70 3 59 23 0 0 0 0 26 8298
1254369141 7717 322 70 3 59 23 0 0 0 0 26 8298
1254372748 7714 321 74 3 59 23 0 0 0 0 26 8298
1254376362 7714 318 49 31 59 23 0 0 0 0 26 8298
1254384260 7741 321 52 3 59 23 0 0 0 0 26 8298
1254387160 7741 310 63 3 59 23 0 0 0 0 26 8298
1254390763 7741 289 59 18 59 23 0 0 0 0 26 8298
1254394380 7754 291 66 3 59 23 0 0 0 0 26 8298
1254397968 7765 292 54 3 59 23 0 0 0 0 26 8298
1254401574 7759 295 56 3 59 23 0 0 0 0 26 8298
1254405169 7758 286 66 3 59 23 0 0 0 0 26 8298
1254408766 7758 276 76 3 59 23 0 0 0 0 26 8298
1254412411 7758 269 83 3 59 23 0 0 0 0 26 8298
1254415976 7757 265 59 32 59 23 0 0 0 0 26 8298
1254419587 7789 269 55 3 59 23 0 0 0 0 26 8298
1254423207 7788 268 57 3 59 23 0 0 0 0 26 8298
1254426820 7788 261 54 13 59 23 0 0 0 0 26 8298
1254430364 7798 263 57 4 59 23 0 0 0 0 26 8298
1254433950 7798 262 58 4 59 23 0 0 0 0 26 8298
1254437545 7796 259 58 10 59 23 0 0 0 0 26 8298
1254441148 7793 274 59 3 59 23 0 0 0 0 26 8298
1254444748 7793 271 62 3 59 23 0 0 0 0 26 8298
1254448346 7791 272 62 3 59 23 0 0 0 0 26 8298
1254451947 7791 269 65 3 59 23 0 0 0 0 26 8298
1254455540 7791 268 66 3 59 23 0 0 0 0 26 8298
1254459149 7790 261 73 3 59 23 0 0 0 0 26 8298
1254462748 7790 260 74 3 59 23 0 0 0 0 26 8298
1254466369 7790 256 78 3 59 23 0 0 0 0 26 8298
1254469958 7809 252 66 3 59 23 0 0 0 0 26 8298
1254473569 7809 242 76 3 59 23 0 0 0 0 26 8298
1254477182 7809 234 65 22 59 23 0 0 0 0 26 8298
1254480759 7827 227 76 3 59 23 0 0 0 0 26 8298
1254484392 7826 220 61 26 59 23 0 0 0 0 26 8298
1254488000 7845 217 68 3 59 23 0 0 0 0 26 8298
1254491573 7842 221 70 3 59 23 0 0 0 0 26 8301
1254495197 7841 214 80 3 59 23 0 0 0 0 26 8303
1254498764 7841 199 95 3 59 23 0 0 0 0 26 8303
1254502368 7840 193 102 3 59 23 0 0 0 0 26 8303
1254505963 7837 197 102 2 59 23 0 0 0 0 26 8303
